=== Iteracao 1 ===
=Posição Animal  ===
1 4 1 1 1 0 1 1 1 1 
1 1 1 1 0 0 1 1 1 0 
1 1 0 4 0 2 4 1 1 1 
1 1 1 1 1 1 1 * 1 1 
1 1 1 4 1 4 1 1 1 1 
1 4 1 1 1 0 1 1 1 1 
1 1 1 1 1 1 0 1 1 1 
1 1 1 1 1 1 1 1 4 1 
1 1 1 1 1 4 1 0 4 1 
1 1 1 1 0 4 1 1 1 1 

=Posição Fogo  ===
1 4 1 1 1 0 1 1 1 1 
1 1 1 1 0 0 1 1 1 0 
1 1 0 4 0 2 4 1 1 1 
1 1 1 1 1 1 1 1 1 1 
1 1 1 4 1 4 1 1 1 1 
1 4 1 1 1 0 1 1 1 1 
1 1 1 1 1 1 0 1 1 1 
1 1 1 1 1 1 1 1 4 1 
1 1 1 1 1 4 1 0 4 1 
1 1 1 1 0 4 1 1 1 1 

=== Iteracao 2 ===
=Posição Animal  ===
1 4 1 1 1 0 1 1 1 1 
1 1 1 1 0 0 1 1 1 0 
1 1 0 4 0 3 4 * 1 1 
1 1 1 1 1 2 1 * 1 1 
1 1 1 4 1 4 1 1 1 1 
1 4 1 1 1 0 1 1 1 1 
1 1 1 1 1 1 0 1 1 1 
1 1 1 1 1 1 1 1 4 1 
1 1 1 1 1 4 1 0 4 1 
1 1 1 1 0 4 1 1 1 1 

=Posição Fogo  ===
1 4 1 1 1 0 1 1 1 1 
1 1 1 1 0 0 1 1 1 0 
1 1 0 4 0 3 4 1 1 1 
1 1 1 1 1 2 1 1 1 1 
1 1 1 4 1 4 1 1 1 1 
1 4 1 1 1 0 1 1 1 1 
1 1 1 1 1 1 0 1 1 1 
1 1 1 1 1 1 1 1 4 1 
1 1 1 1 1 4 1 0 4 1 
1 1 1 1 0 4 1 1 1 1 

=== Iteracao 3 ===
=Posição Animal  ===
1 4 1 1 1 0 1 1 1 1 
1 1 1 1 0 0 1 1 1 0 
1 1 0 4 0 3 * * 1 1 
1 1 1 1 2 3 2 * 1 1 
1 1 1 4 1 4 1 1 1 1 
1 4 1 1 1 0 1 1 1 1 
1 1 1 1 1 1 0 1 1 1 
1 1 1 1 1 1 1 1 4 1 
1 1 1 1 1 4 1 0 4 1 
1 1 1 1 0 4 1 1 1 1 

=Posição Fogo  ===
1 4 1 1 1 0 1 1 1 1 
1 1 1 1 0 0 1 1 1 0 
1 1 0 4 0 3 4 1 1 1 
1 1 1 1 2 3 2 1 1 1 
1 1 1 4 1 4 1 1 1 1 
1 4 1 1 1 0 1 1 1 1 
1 1 1 1 1 1 0 1 1 1 
1 1 1 1 1 1 1 1 4 1 
1 1 1 1 1 4 1 0 4 1 
1 1 1 1 0 4 1 1 1 1 

=== Iteracao 4 ===
=Posição Animal  ===
1 4 1 1 1 0 1 1 1 1 
1 1 1 1 0 0 1 1 1 0 
1 1 0 4 0 1 * * 1 1 
1 1 1 2 3 3 3 * 1 1 
1 1 1 4 2 4 2 1 1 1 
1 4 1 1 1 0 1 1 1 1 
1 1 1 1 1 1 0 1 1 1 
1 1 1 1 1 1 1 1 4 1 
1 1 1 1 1 4 1 0 4 1 
1 1 1 1 0 4 1 1 1 1 

=Posição Fogo  ===
1 4 1 1 1 0 1 1 1 1 
1 1 1 1 0 0 1 1 1 0 
1 1 0 4 0 1 0 1 1 1 
1 1 1 2 3 3 3 2 1 1 
1 1 1 4 2 4 2 1 1 1 
1 4 1 1 1 0 1 1 1 1 
1 1 1 1 1 1 0 1 1 1 
1 1 1 1 1 1 1 1 4 1 
1 1 1 1 1 4 1 0 4 1 
1 1 1 1 0 4 1 1 1 1 

=== Iteracao 5 ===
=Posição Animal  ===
1 4 1 1 1 0 1 1 1 1 
1 1 1 1 0 0 1 1 1 0 
1 1 0 4 0 1 * * 1 1 
1 1 2 3 3 3 3 * 2 1 
1 1 1 4 3 4 3 2 1 1 
1 4 1 1 2 0 2 1 1 1 
1 1 1 1 1 1 0 1 1 1 
1 1 1 1 1 1 1 1 4 1 
1 1 1 1 1 4 1 0 4 1 
1 1 1 1 0 4 1 1 1 1 

=Posição Fogo  ===
1 4 1 1 1 0 1 1 1 1 
1 1 1 1 0 0 1 1 1 0 
1 1 0 4 0 1 0 2 1 1 
1 1 2 3 3 3 3 3 2 1 
1 1 1 4 3 4 3 2 1 1 
1 4 1 1 2 0 2 1 1 1 
1 1 1 1 1 1 0 1 1 1 
1 1 1 1 1 1 1 1 4 1 
1 1 1 1 1 4 1 0 4 1 
1 1 1 1 0 4 1 1 1 1 

=== Iteracao 6 ===
=Posição Animal  ===
1 4 1 1 1 0 1 1 1 1 
1 1 1 1 0 0 1 2 1 0 
1 1 0 4 0 1 * * 2 1 
1 2 3 3 3 3 3 * 3 2 
1 1 2 4 3 4 3 3 2 1 
1 4 1 2 3 0 3 2 1 1 
1 1 1 1 2 1 0 1 1 1 
1 1 1 1 1 1 1 1 4 1 
1 1 1 1 1 4 1 0 4 1 
1 1 1 1 0 4 1 1 1 1 

=Posição Fogo  ===
1 4 1 1 1 0 1 1 1 1 
1 1 1 1 0 0 1 2 1 0 
1 1 0 4 0 1 0 3 2 1 
1 2 3 3 3 3 3 3 3 2 
1 1 2 4 3 4 3 3 2 1 
1 4 1 2 3 0 3 2 1 1 
1 1 1 1 2 1 0 1 1 1 
1 1 1 1 1 1 1 1 4 1 
1 1 1 1 1 4 1 0 4 1 
1 1 1 1 0 4 1 1 1 1 

=== Iteracao 7 ===
=Posição Animal  ===
1 4 1 1 1 0 1 2 1 1 
1 1 1 1 0 0 * 3 2 0 
1 2 0 4 0 1 * * 3 2 
2 3 3 3 3 3 3 * 3 3 
1 2 3 4 3 4 3 3 3 2 
1 4 2 3 3 0 3 3 2 1 
1 1 1 2 3 2 0 2 1 1 
1 1 1 1 2 1 1 1 4 1 
1 1 1 1 1 4 1 0 4 1 
1 1 1 1 0 4 1 1 1 1 

=Posição Fogo  ===
1 4 1 1 1 0 1 2 1 1 
1 1 1 1 0 0 2 3 2 0 
1 2 0 4 0 1 0 3 3 2 
2 3 3 3 3 3 3 3 3 3 
1 2 3 4 3 4 3 3 3 2 
1 4 2 3 3 0 3 3 2 1 
1 1 1 2 3 2 0 2 1 1 
1 1 1 1 2 1 1 1 4 1 
1 1 1 1 1 4 1 0 4 1 
1 1 1 1 0 4 1 1 1 1 

=== Iteracao 8 ===
=Posição Animal  ===
1 4 1 1 1 * 2 3 2 1 
1 2 1 1 0 0 * 3 3 0 
2 3 0 4 0 1 * * 3 3 
3 3 3 3 3 3 3 * 3 3 
2 3 3 4 3 4 3 3 3 3 
1 4 3 3 3 0 3 3 3 2 
1 1 2 3 3 3 0 3 2 1 
1 1 1 2 3 2 1 2 4 1 
1 1 1 1 2 4 1 0 4 1 
1 1 1 1 0 4 1 1 1 1 

=Posição Fogo  ===
1 4 1 1 1 0 2 3 2 1 
1 2 1 1 0 0 3 3 3 0 
2 3 0 4 0 1 0 3 3 3 
3 3 3 3 3 3 3 3 3 3 
2 3 3 4 3 4 3 3 3 3 
1 4 3 3 3 0 3 3 3 2 
1 1 2 3 3 3 0 3 2 1 
1 1 1 2 3 2 1 2 4 1 
1 1 1 1 2 4 1 0 4 1 
1 1 1 1 0 4 1 1 1 1 

=== Iteracao 9 ===
=Posição Animal  ===
1 4 1 1 1 * 3 3 3 2 
2 3 2 1 0 0 * 3 3 0 
3 3 0 4 0 1 * * 3 3 
3 3 3 3 3 3 3 * 3 3 
3 3 3 4 3 4 3 3 3 3 
2 4 3 3 3 0 3 3 3 3 
1 2 3 3 3 3 0 3 3 2 
1 1 2 3 3 3 2 3 4 1 
1 1 1 2 3 4 1 0 4 1 
1 1 1 1 0 4 1 1 1 1 

=Posição Fogo  ===
1 4 1 1 1 0 3 3 3 2 
2 3 2 1 0 0 3 3 3 0 
3 3 0 4 0 1 0 3 3 3 
3 3 3 3 3 3 3 3 3 3 
3 3 3 4 3 4 3 3 3 3 
2 4 3 3 3 0 3 3 3 3 
1 2 3 3 3 3 0 3 3 2 
1 1 2 3 3 3 2 3 4 1 
1 1 1 2 3 4 1 0 4 1 
1 1 1 1 0 4 1 1 1 1 

=== Iteracao 10 ===
=Posição Animal  ===
2 4 2 1 1 * 3 3 3 3 
3 3 3 2 0 0 * 3 3 0 
3 3 0 4 0 1 * * 3 3 
3 3 3 3 3 3 3 * 3 3 
3 3 3 4 3 4 3 3 3 3 
3 4 3 3 3 0 3 3 3 3 
2 3 3 3 3 3 0 3 3 3 
1 2 3 3 3 3 3 3 4 2 
1 1 2 3 3 4 2 0 4 1 
1 1 1 2 0 4 1 1 1 1 

=Posição Fogo  ===
2 4 2 1 1 0 3 3 3 3 
3 3 3 2 0 0 3 3 3 0 
3 3 0 4 0 1 0 3 3 3 
3 3 3 3 3 3 3 3 3 3 
3 3 3 4 3 4 3 3 3 3 
3 4 3 3 3 0 3 3 3 3 
2 3 3 3 3 3 0 3 3 3 
1 2 3 3 3 3 3 3 4 2 
1 1 2 3 3 4 2 0 4 1 
1 1 1 2 0 4 1 1 1 1 

=== Iteracao 11 ===
=Posição Animal  ===
3 4 3 2 1 * 3 3 3 3 
3 3 3 3 0 0 * 3 3 0 
3 3 0 4 0 1 * * 3 3 
3 3 3 3 3 3 3 * 3 3 
3 3 3 4 3 4 3 3 3 3 
3 4 3 3 3 0 3 3 3 3 
3 3 3 3 3 3 0 3 3 3 
2 3 3 3 3 3 3 3 4 3 
1 2 3 3 3 4 3 0 4 2 
1 1 2 3 0 4 2 1 1 1 

=Posição Fogo  ===
3 4 3 2 1 0 3 3 3 3 
3 3 3 3 0 0 3 3 3 0 
3 3 0 4 0 1 0 3 3 3 
3 3 3 3 3 3 3 3 3 3 
3 3 3 4 3 4 3 3 3 3 
3 4 3 3 3 0 3 3 3 3 
3 3 3 3 3 3 0 3 3 3 
2 3 3 3 3 3 3 3 4 3 
1 2 3 3 3 4 3 0 4 2 
1 1 2 3 0 4 2 1 1 1 

=== Iteracao 12 ===
=Posição Animal  ===
3 4 3 3 2 * 3 3 3 3 
3 3 3 3 0 * * 3 3 0 
3 3 0 4 0 1 * * 3 3 
3 3 3 3 3 3 3 * 3 3 
3 3 3 4 3 4 3 3 3 3 
3 4 3 3 3 0 3 3 3 3 
3 3 3 3 3 3 0 3 3 3 
3 3 3 3 3 3 3 3 4 3 
2 3 3 3 3 4 3 0 4 3 
1 2 3 3 0 4 3 2 1 2 

=Posição Fogo  ===
3 4 3 3 2 0 3 3 3 3 
3 3 3 3 0 0 3 3 3 0 
3 3 0 4 0 1 0 3 3 3 
3 3 3 3 3 3 3 3 3 3 
3 3 3 4 3 4 3 3 3 3 
3 4 3 3 3 0 3 3 3 3 
3 3 3 3 3 3 0 3 3 3 
3 3 3 3 3 3 3 3 4 3 
2 3 3 3 3 4 3 0 4 3 
1 2 3 3 0 4 3 2 1 2 

=== Iteracao 13 ===
=Posição Animal  ===
3 4 3 3 3 * 3 3 3 3 
3 3 3 3 0 * * 3 3 0 
3 3 0 4 0 1 * * 3 3 
3 3 3 3 3 3 3 * 3 3 
3 3 3 4 3 4 3 3 3 3 
3 4 3 3 3 0 3 3 3 3 
3 3 3 3 3 3 0 3 3 3 
3 3 3 3 3 3 3 3 4 3 
3 3 3 3 3 4 3 0 4 3 
2 3 3 3 0 4 3 3 2 3 

=Posição Fogo  ===
3 4 3 3 3 0 3 3 3 3 
3 3 3 3 0 0 3 3 3 0 
3 3 0 4 0 1 0 3 3 3 
3 3 3 3 3 3 3 3 3 3 
3 3 3 4 3 4 3 3 3 3 
3 4 3 3 3 0 3 3 3 3 
3 3 3 3 3 3 0 3 3 3 
3 3 3 3 3 3 3 3 4 3 
3 3 3 3 3 4 3 0 4 3 
2 3 3 3 0 4 3 3 2 3 

=== Iteracao 14 ===
=Posição Animal  ===
3 4 3 3 3 * 3 3 3 3 
3 3 3 3 0 * * 3 3 0 
3 3 0 4 0 1 * * 3 3 
3 3 3 3 3 3 3 * 3 3 
3 3 3 4 3 4 3 3 3 3 
3 4 3 3 3 0 3 3 3 3 
3 3 3 3 3 3 0 3 3 3 
3 3 3 3 3 3 3 3 4 3 
3 3 3 3 3 4 3 0 4 3 
3 3 3 3 0 4 3 3 3 3 

=Posição Fogo  ===
3 4 3 3 3 0 3 3 3 3 
3 3 3 3 0 0 3 3 3 0 
3 3 0 4 0 1 0 3 3 3 
3 3 3 3 3 3 3 3 3 3 
3 3 3 4 3 4 3 3 3 3 
3 4 3 3 3 0 3 3 3 3 
3 3 3 3 3 3 0 3 3 3 
3 3 3 3 3 3 3 3 4 3 
3 3 3 3 3 4 3 0 4 3 
3 3 3 3 0 4 3 3 3 3 

=== Iteracao 15 ===
=Posição Animal  ===
3 4 3 3 3 * 3 3 3 3 
3 3 3 3 0 * * 3 3 0 
3 3 0 4 0 1 * * 3 3 
3 3 3 3 3 3 3 * 3 3 
3 3 3 4 3 4 3 3 3 3 
3 4 3 3 3 0 3 3 3 3 
3 3 3 3 3 3 0 3 3 3 
3 3 3 3 3 3 3 3 4 3 
3 3 3 3 3 4 3 0 4 3 
3 3 3 3 0 4 3 3 3 3 

=Posição Fogo  ===
3 4 3 3 3 0 3 3 3 3 
3 3 3 3 0 0 3 3 3 0 
3 3 0 4 0 1 0 3 3 3 
3 3 3 3 3 3 3 3 3 3 
3 3 3 4 3 4 3 3 3 3 
3 4 3 3 3 0 3 3 3 3 
3 3 3 3 3 3 0 3 3 3 
3 3 3 3 3 3 3 3 4 3 
3 3 3 3 3 4 3 0 4 3 
3 3 3 3 0 4 3 3 3 3 

=== Iteracao 16 ===
=Posição Animal  ===
3 4 3 3 3 * 3 3 3 3 
3 3 3 3 * * * 3 3 0 
3 3 0 4 0 1 * * 3 3 
3 3 3 3 3 3 3 * 3 3 
3 3 3 4 3 4 3 3 3 3 
3 4 3 3 3 0 3 3 3 3 
3 3 3 3 3 3 0 3 3 3 
3 3 3 3 3 3 3 3 4 3 
3 3 3 3 3 4 3 0 4 3 
3 3 3 3 0 4 3 3 3 3 

=Posição Fogo  ===
3 4 3 3 3 0 3 3 3 3 
3 3 3 3 0 0 3 3 3 0 
3 3 0 4 0 1 0 3 3 3 
3 3 3 3 3 3 3 3 3 3 
3 3 3 4 3 4 3 3 3 3 
3 4 3 3 3 0 3 3 3 3 
3 3 3 3 3 3 0 3 3 3 
3 3 3 3 3 3 3 3 4 3 
3 3 3 3 3 4 3 0 4 3 
3 3 3 3 0 4 3 3 3 3 

=== Iteracao 17 ===
=Posição Animal  ===
3 4 3 3 3 * 3 3 3 3 
3 3 3 3 * * * 3 3 0 
3 3 0 4 0 1 * * 3 3 
3 3 3 3 3 3 3 * 3 3 
3 3 3 4 3 4 3 3 3 3 
3 4 3 3 3 0 3 3 3 3 
3 3 3 3 3 3 0 3 3 3 
3 3 3 3 3 3 3 3 4 3 
3 3 3 3 3 4 3 0 4 3 
3 3 3 3 0 4 3 3 3 3 

=Posição Fogo  ===
3 4 3 3 3 0 3 3 3 3 
3 3 3 3 0 0 3 3 3 0 
3 3 0 4 0 1 0 3 3 3 
3 3 3 3 3 3 3 3 3 3 
3 3 3 4 3 4 3 3 3 3 
3 4 3 3 3 0 3 3 3 3 
3 3 3 3 3 3 0 3 3 3 
3 3 3 3 3 3 3 3 4 3 
3 3 3 3 3 4 3 0 4 3 
3 3 3 3 0 4 3 3 3 3 

=== Iteracao 18 ===
=Posição Animal  ===
3 4 3 3 3 * 3 3 3 3 
3 3 3 3 * * * 3 3 0 
3 3 0 4 0 1 * * 3 3 
3 3 3 3 3 3 3 * 3 3 
3 3 3 4 3 4 3 3 3 3 
3 4 3 3 3 0 3 3 3 3 
3 3 3 3 3 3 0 3 3 3 
3 3 3 3 3 3 3 3 4 3 
3 3 3 3 3 4 3 0 4 3 
3 3 3 3 0 4 3 3 3 3 

=Posição Fogo  ===
3 4 3 3 3 0 3 3 3 3 
3 3 3 3 0 0 3 3 3 0 
3 3 0 4 0 1 0 3 3 3 
3 3 3 3 3 3 3 3 3 3 
3 3 3 4 3 4 3 3 3 3 
3 4 3 3 3 0 3 3 3 3 
3 3 3 3 3 3 0 3 3 3 
3 3 3 3 3 3 3 3 4 3 
3 3 3 3 3 4 3 0 4 3 
3 3 3 3 0 4 3 3 3 3 

=== Iteracao 19 ===
=Posição Animal  ===
3 4 3 3 3 * 3 3 3 3 
3 3 3 3 * * * 3 3 0 
3 3 0 4 0 1 * * 3 3 
3 3 3 3 3 3 3 * 3 3 
3 3 3 4 3 4 3 3 3 3 
3 4 3 3 3 0 3 3 3 3 
3 3 3 3 3 3 0 3 3 3 
3 3 3 3 3 3 3 3 4 3 
3 3 3 3 3 4 3 0 4 3 
3 3 3 3 0 4 3 3 3 3 

=Posição Fogo  ===
3 4 3 3 3 0 3 3 3 3 
3 3 3 3 0 0 3 3 3 0 
3 3 0 4 0 1 0 3 3 3 
3 3 3 3 3 3 3 3 3 3 
3 3 3 4 3 4 3 3 3 3 
3 4 3 3 3 0 3 3 3 3 
3 3 3 3 3 3 0 3 3 3 
3 3 3 3 3 3 3 3 4 3 
3 3 3 3 3 4 3 0 4 3 
3 3 3 3 0 4 3 3 3 3 

=== Iteracao 20 ===
=Posição Animal  ===
3 4 3 3 3 * 3 3 3 3 
3 3 3 3 * * * 3 3 0 
3 3 0 4 * 1 * * 3 3 
3 3 3 3 3 3 3 * 3 3 
3 3 3 4 3 4 3 3 3 3 
3 4 3 3 3 0 3 3 3 3 
3 3 3 3 3 3 0 3 3 3 
3 3 3 3 3 3 3 3 4 3 
3 3 3 3 3 4 3 0 4 3 
3 3 3 3 0 4 3 3 3 3 

=Posição Fogo  ===
3 4 3 3 3 0 3 3 3 3 
3 3 3 3 0 0 3 3 3 0 
3 3 0 4 0 1 0 3 3 3 
3 3 3 3 3 3 3 3 3 3 
3 3 3 4 3 4 3 3 3 3 
3 4 3 3 3 0 3 3 3 3 
3 3 3 3 3 3 0 3 3 3 
3 3 3 3 3 3 3 3 4 3 
3 3 3 3 3 4 3 0 4 3 
3 3 3 3 0 4 3 3 3 3 

=== Iteracao 21 ===
=Posição Animal  ===
3 4 3 3 3 * 3 3 3 3 
3 3 3 3 * * * 3 3 0 
3 3 0 4 * 1 * * 3 3 
3 3 3 3 3 3 3 * 3 3 
3 3 3 4 3 4 3 3 3 3 
3 4 3 3 3 0 3 3 3 3 
3 3 3 3 3 3 0 3 3 3 
3 3 3 3 3 3 3 3 4 3 
3 3 3 3 3 4 3 0 4 3 
3 3 3 3 0 4 3 3 3 3 

=Posição Fogo  ===
3 4 3 3 3 0 3 3 3 3 
3 3 3 3 0 0 3 3 3 0 
3 3 0 4 0 1 0 3 3 3 
3 3 3 3 3 3 3 3 3 3 
3 3 3 4 3 4 3 3 3 3 
3 4 3 3 3 0 3 3 3 3 
3 3 3 3 3 3 0 3 3 3 
3 3 3 3 3 3 3 3 4 3 
3 3 3 3 3 4 3 0 4 3 
3 3 3 3 0 4 3 3 3 3 

=== Iteracao 22 ===
=Posição Animal  ===
3 4 3 3 3 * 3 3 3 3 
3 3 3 3 * * * 3 3 0 
3 3 0 4 * 1 * * 3 3 
3 3 3 3 3 3 3 * 3 3 
3 3 3 4 3 4 3 3 3 3 
3 4 3 3 3 0 3 3 3 3 
3 3 3 3 3 3 0 3 3 3 
3 3 3 3 3 3 3 3 4 3 
3 3 3 3 3 4 3 0 4 3 
3 3 3 3 0 4 3 3 3 3 

=Posição Fogo  ===
3 4 3 3 3 0 3 3 3 3 
3 3 3 3 0 0 3 3 3 0 
3 3 0 4 0 1 0 3 3 3 
3 3 3 3 3 3 3 3 3 3 
3 3 3 4 3 4 3 3 3 3 
3 4 3 3 3 0 3 3 3 3 
3 3 3 3 3 3 0 3 3 3 
3 3 3 3 3 3 3 3 4 3 
3 3 3 3 3 4 3 0 4 3 
3 3 3 3 0 4 3 3 3 3 

=== Iteracao 23 ===
=Posição Animal  ===
3 4 3 3 3 * 3 3 3 3 
3 3 3 3 * * * 3 3 0 
3 3 0 4 * 1 * * 3 3 
3 3 3 3 3 3 3 * 3 3 
3 3 3 4 3 4 3 3 3 3 
3 4 3 3 3 0 3 3 3 3 
3 3 3 3 3 3 0 3 3 3 
3 3 3 3 3 3 3 3 4 3 
3 3 3 3 3 4 3 0 4 3 
3 3 3 3 0 4 3 3 3 3 

=Posição Fogo  ===
3 4 3 3 3 0 3 3 3 3 
3 3 3 3 0 0 3 3 3 0 
3 3 0 4 0 1 0 3 3 3 
3 3 3 3 3 3 3 3 3 3 
3 3 3 4 3 4 3 3 3 3 
3 4 3 3 3 0 3 3 3 3 
3 3 3 3 3 3 0 3 3 3 
3 3 3 3 3 3 3 3 4 3 
3 3 3 3 3 4 3 0 4 3 
3 3 3 3 0 4 3 3 3 3 

=== Iteracao 24 ===
=Posição Animal  ===
3 4 3 3 3 * 3 3 3 3 
3 3 3 3 * * * 3 3 0 
3 3 0 * * 1 * * 3 3 
3 3 3 3 3 3 3 * 3 3 
3 3 3 4 3 4 3 3 3 3 
3 4 3 3 3 0 3 3 3 3 
3 3 3 3 3 3 0 3 3 3 
3 3 3 3 3 3 3 3 4 3 
3 3 3 3 3 4 3 0 4 3 
3 3 3 3 0 4 3 3 3 3 

=Posição Fogo  ===
3 4 3 3 3 0 3 3 3 3 
3 3 3 3 0 0 3 3 3 0 
3 3 0 4 0 1 0 3 3 3 
3 3 3 3 3 3 3 3 3 3 
3 3 3 4 3 4 3 3 3 3 
3 4 3 3 3 0 3 3 3 3 
3 3 3 3 3 3 0 3 3 3 
3 3 3 3 3 3 3 3 4 3 
3 3 3 3 3 4 3 0 4 3 
3 3 3 3 0 4 3 3 3 3 

=== Iteracao 25 ===
=Posição Animal  ===
3 4 3 3 3 * 3 3 3 3 
3 3 3 1 * * * 3 3 0 
3 3 1 * * 1 * * 3 3 
3 3 3 1 3 3 3 * 3 3 
3 3 3 4 3 4 3 3 3 3 
3 4 3 3 3 0 3 3 3 3 
3 3 3 3 3 3 0 3 3 3 
3 3 3 3 3 3 3 3 4 3 
3 3 3 3 3 4 3 0 4 3 
3 3 3 3 0 4 3 3 3 3 

=Posição Fogo  ===
3 4 3 3 3 0 3 3 3 3 
3 3 3 1 0 0 3 3 3 0 
3 3 1 0 1 1 0 3 3 3 
3 3 3 1 3 3 3 3 3 3 
3 3 3 4 3 4 3 3 3 3 
3 4 3 3 3 0 3 3 3 3 
3 3 3 3 3 3 0 3 3 3 
3 3 3 3 3 3 3 3 4 3 
3 3 3 3 3 4 3 0 4 3 
3 3 3 3 0 4 3 3 3 3 

=== Iteracao 26 ===
=Posição Animal  ===
3 4 3 3 3 * 3 3 3 3 
3 3 3 1 * * * 3 3 0 
3 3 1 * * 1 * * 3 3 
3 3 3 1 3 3 3 * 3 3 
3 3 3 4 3 4 3 3 3 3 
3 4 3 3 3 0 3 3 3 3 
3 3 3 3 3 3 0 3 3 3 
3 3 3 3 3 3 3 3 4 3 
3 3 3 3 3 4 3 0 4 3 
3 3 3 3 0 4 3 3 3 3 

=Posição Fogo  ===
3 4 3 3 3 0 3 3 3 3 
3 3 3 1 0 0 3 3 3 0 
3 3 1 0 1 1 0 3 3 3 
3 3 3 1 3 3 3 3 3 3 
3 3 3 4 3 4 3 3 3 3 
3 4 3 3 3 0 3 3 3 3 
3 3 3 3 3 3 0 3 3 3 
3 3 3 3 3 3 3 3 4 3 
3 3 3 3 3 4 3 0 4 3 
3 3 3 3 0 4 3 3 3 3 

=== Iteracao 27 ===
=Posição Animal  ===
3 4 3 3 3 * 3 3 3 3 
3 3 3 1 * * * 3 3 0 
3 3 1 * * 1 * * 3 3 
3 3 3 1 3 3 3 * 3 3 
3 3 3 4 3 4 3 3 3 3 
3 4 3 3 3 0 3 3 3 3 
3 3 3 3 3 3 0 3 3 3 
3 3 3 3 3 3 3 3 4 3 
3 3 3 3 3 4 3 0 4 3 
3 3 3 3 0 4 3 3 3 3 

=Posição Fogo  ===
3 4 3 3 3 0 3 3 3 3 
3 3 3 1 0 0 3 3 3 0 
3 3 1 0 1 1 0 3 3 3 
3 3 3 1 3 3 3 3 3 3 
3 3 3 4 3 4 3 3 3 3 
3 4 3 3 3 0 3 3 3 3 
3 3 3 3 3 3 0 3 3 3 
3 3 3 3 3 3 3 3 4 3 
3 3 3 3 3 4 3 0 4 3 
3 3 3 3 0 4 3 3 3 3 

=== Iteracao 28 ===
=Posição Animal  ===
3 4 3 3 3 * 3 3 3 3 
3 3 3 * * * * 3 3 0 
3 3 1 * * 1 * * 3 3 
3 3 3 1 3 3 3 * 3 3 
3 3 3 4 3 4 3 3 3 3 
3 4 3 3 3 0 3 3 3 3 
3 3 3 3 3 3 0 3 3 3 
3 3 3 3 3 3 3 3 4 3 
3 3 3 3 3 4 3 0 4 3 
3 3 3 3 0 4 3 3 3 3 

=Posição Fogo  ===
3 4 3 3 3 0 3 3 3 3 
3 3 3 1 0 0 3 3 3 0 
3 3 1 0 1 1 0 3 3 3 
3 3 3 1 3 3 3 3 3 3 
3 3 3 4 3 4 3 3 3 3 
3 4 3 3 3 0 3 3 3 3 
3 3 3 3 3 3 0 3 3 3 
3 3 3 3 3 3 3 3 4 3 
3 3 3 3 3 4 3 0 4 3 
3 3 3 3 0 4 3 3 3 3 

=== Iteracao 29 ===
=Posição Animal  ===
3 4 3 * 3 * 3 3 3 3 
3 3 3 * * * * 3 3 0 
3 3 1 * * 1 * * 3 3 
3 3 3 1 3 3 3 * 3 3 
3 3 3 4 3 4 3 3 3 3 
3 4 3 3 3 0 3 3 3 3 
3 3 3 3 3 3 0 3 3 3 
3 3 3 3 3 3 3 3 4 3 
3 3 3 3 3 4 3 0 4 3 
3 3 3 3 0 4 3 3 3 3 

=Posição Fogo  ===
3 4 3 3 3 0 3 3 3 3 
3 3 3 1 0 0 3 3 3 0 
3 3 1 0 1 1 0 3 3 3 
3 3 3 1 3 3 3 3 3 3 
3 3 3 4 3 4 3 3 3 3 
3 4 3 3 3 0 3 3 3 3 
3 3 3 3 3 3 0 3 3 3 
3 3 3 3 3 3 3 3 4 3 
3 3 3 3 3 4 3 0 4 3 
3 3 3 3 0 4 3 3 3 3 

=== Iteracao 30 ===
=Posição Animal  ===
3 4 * * 3 * 3 3 3 3 
3 3 3 * * * * 3 3 0 
3 3 1 * * 1 * * 3 3 
3 3 3 1 3 3 3 * 3 3 
3 3 3 4 3 4 3 3 3 3 
3 4 3 3 3 0 3 3 3 3 
3 3 3 3 3 3 0 3 3 3 
3 3 3 3 3 3 3 3 4 3 
3 3 3 3 3 4 3 0 4 3 
3 3 3 3 0 4 3 3 3 3 

=Posição Fogo  ===
3 4 3 3 3 0 3 3 3 3 
3 3 3 1 0 0 3 3 3 0 
3 3 1 0 1 1 0 3 3 3 
3 3 3 1 3 3 3 3 3 3 
3 3 3 4 3 4 3 3 3 3 
3 4 3 3 3 0 3 3 3 3 
3 3 3 3 3 3 0 3 3 3 
3 3 3 3 3 3 3 3 4 3 
3 3 3 3 3 4 3 0 4 3 
3 3 3 3 0 4 3 3 3 3 

=== Iteracao 31 ===
=Posição Animal  ===
3 * * * 3 * 3 3 3 3 
3 3 3 * * * * 3 3 0 
3 3 1 * * 1 * * 3 3 
3 3 3 1 3 3 3 * 3 3 
3 3 3 4 3 4 3 3 3 3 
3 4 3 3 3 0 3 3 3 3 
3 3 3 3 3 3 0 3 3 3 
3 3 3 3 3 3 3 3 4 3 
3 3 3 3 3 4 3 0 4 3 
3 3 3 3 0 4 3 3 3 3 

=Posição Fogo  ===
3 4 3 3 3 0 3 3 3 3 
3 3 3 1 0 0 3 3 3 0 
3 3 1 0 1 1 0 3 3 3 
3 3 3 1 3 3 3 3 3 3 
3 3 3 4 3 4 3 3 3 3 
3 4 3 3 3 0 3 3 3 3 
3 3 3 3 3 3 0 3 3 3 
3 3 3 3 3 3 3 3 4 3 
3 3 3 3 3 4 3 0 4 3 
3 3 3 3 0 4 3 3 3 3 

=== Iteracao 32 ===
=Posição Animal  ===
1 * * * 3 * 3 3 3 3 
3 1 3 * * * * 3 3 0 
3 3 1 * * 1 * * 3 3 
3 3 3 1 3 3 3 * 3 3 
3 3 3 4 3 4 3 3 3 3 
3 4 3 3 3 0 3 3 3 3 
3 3 3 3 3 3 0 3 3 3 
3 3 3 3 3 3 3 3 4 3 
3 3 3 3 3 4 3 0 4 3 
3 3 3 3 0 4 3 3 3 3 

=Posição Fogo  ===
1 0 1 3 3 0 3 3 3 3 
3 1 3 1 0 0 3 3 3 0 
3 3 1 0 1 1 0 3 3 3 
3 3 3 1 3 3 3 3 3 3 
3 3 3 4 3 4 3 3 3 3 
3 4 3 3 3 0 3 3 3 3 
3 3 3 3 3 3 0 3 3 3 
3 3 3 3 3 3 3 3 4 3 
3 3 3 3 3 4 3 0 4 3 
3 3 3 3 0 4 3 3 3 3 

=== Iteracao 33 ===
=Posição Animal  ===
1 * * * 3 * 3 3 3 3 
3 1 3 * * * * 3 3 0 
3 3 1 * * 1 * * 3 3 
3 3 3 1 3 3 3 * 3 3 
3 3 3 4 3 4 3 3 3 3 
3 4 3 3 3 0 3 3 3 3 
3 3 3 3 3 3 0 3 3 3 
3 3 3 3 3 3 3 3 4 3 
3 3 3 3 3 4 3 0 4 3 
3 3 3 3 0 4 3 3 3 3 

=Posição Fogo  ===
1 0 1 3 3 0 3 3 3 3 
3 1 3 1 0 0 3 3 3 0 
3 3 1 0 1 1 0 3 3 3 
3 3 3 1 3 3 3 3 3 3 
3 3 3 4 3 4 3 3 3 3 
3 4 3 3 3 0 3 3 3 3 
3 3 3 3 3 3 0 3 3 3 
3 3 3 3 3 3 3 3 4 3 
3 3 3 3 3 4 3 0 4 3 
3 3 3 3 0 4 3 3 3 3 

=== Iteracao 34 ===
=Posição Animal  ===
1 * * * 3 * 3 3 3 3 
3 1 3 * * * * 3 3 0 
3 3 1 * * 1 * * 3 3 
3 3 3 1 3 3 3 * 3 3 
3 3 3 4 3 4 3 3 3 3 
3 4 3 3 3 0 3 3 3 3 
3 3 3 3 3 3 0 3 3 3 
3 3 3 3 3 3 3 3 4 3 
3 3 3 3 3 4 3 0 4 3 
3 3 3 3 0 4 3 3 3 3 

=Posição Fogo  ===
1 0 1 3 3 0 3 3 3 3 
3 1 3 1 0 0 3 3 3 0 
3 3 1 0 1 1 0 3 3 3 
3 3 3 1 3 3 3 3 3 3 
3 3 3 4 3 4 3 3 3 3 
3 4 3 3 3 0 3 3 3 3 
3 3 3 3 3 3 0 3 3 3 
3 3 3 3 3 3 3 3 4 3 
3 3 3 3 3 4 3 0 4 3 
3 3 3 3 0 4 3 3 3 3 

=== Iteracao 35 ===
=Posição Animal  ===
1 * * * 3 * 3 3 3 3 
3 * 3 * * * * 3 3 0 
3 3 1 * * 1 * * 3 3 
3 3 3 1 3 3 3 * 3 3 
3 3 3 4 3 4 3 3 3 3 
3 4 3 3 3 0 3 3 3 3 
3 3 3 3 3 3 0 3 3 3 
3 3 3 3 3 3 3 3 4 3 
3 3 3 3 3 4 3 0 4 3 
3 3 3 3 0 4 3 3 3 3 

=Posição Fogo  ===
1 0 1 3 3 0 3 3 3 3 
3 1 3 1 0 0 3 3 3 0 
3 3 1 0 1 1 0 3 3 3 
3 3 3 1 3 3 3 3 3 3 
3 3 3 4 3 4 3 3 3 3 
3 4 3 3 3 0 3 3 3 3 
3 3 3 3 3 3 0 3 3 3 
3 3 3 3 3 3 3 3 4 3 
3 3 3 3 3 4 3 0 4 3 
3 3 3 3 0 4 3 3 3 3 

=== Iteracao 36 ===
=Posição Animal  ===
1 * * * 3 * 3 3 3 3 
3 * 3 * * * * 3 3 0 
3 * 1 * * 1 * * 3 3 
3 3 3 1 3 3 3 * 3 3 
3 3 3 4 3 4 3 3 3 3 
3 4 3 3 3 0 3 3 3 3 
3 3 3 3 3 3 0 3 3 3 
3 3 3 3 3 3 3 3 4 3 
3 3 3 3 3 4 3 0 4 3 
3 3 3 3 0 4 3 3 3 3 

=Posição Fogo  ===
1 0 1 3 3 0 3 3 3 3 
3 1 3 1 0 0 3 3 3 0 
3 3 1 0 1 1 0 3 3 3 
3 3 3 1 3 3 3 3 3 3 
3 3 3 4 3 4 3 3 3 3 
3 4 3 3 3 0 3 3 3 3 
3 3 3 3 3 3 0 3 3 3 
3 3 3 3 3 3 3 3 4 3 
3 3 3 3 3 4 3 0 4 3 
3 3 3 3 0 4 3 3 3 3 

=== Iteracao 37 ===
=Posição Animal  ===
1 * * * 3 * 3 3 3 3 
3 * 3 * * * * 3 3 0 
3 * * * * 1 * * 3 3 
3 3 3 1 3 3 3 * 3 3 
3 3 3 4 3 4 3 3 3 3 
3 4 3 3 3 0 3 3 3 3 
3 3 3 3 3 3 0 3 3 3 
3 3 3 3 3 3 3 3 4 3 
3 3 3 3 3 4 3 0 4 3 
3 3 3 3 0 4 3 3 3 3 

=Posição Fogo  ===
1 0 1 3 3 0 3 3 3 3 
3 1 3 1 0 0 3 3 3 0 
3 3 1 0 1 1 0 3 3 3 
3 3 3 1 3 3 3 3 3 3 
3 3 3 4 3 4 3 3 3 3 
3 4 3 3 3 0 3 3 3 3 
3 3 3 3 3 3 0 3 3 3 
3 3 3 3 3 3 3 3 4 3 
3 3 3 3 3 4 3 0 4 3 
3 3 3 3 0 4 3 3 3 3 

=== Iteracao 38 ===
=Posição Animal  ===
1 * * * 3 * 3 3 3 3 
3 * * * * * * 3 3 0 
3 * * * * 1 * * 3 3 
3 3 3 1 3 3 3 * 3 3 
3 3 3 4 3 4 3 3 3 3 
3 4 3 3 3 0 3 3 3 3 
3 3 3 3 3 3 0 3 3 3 
3 3 3 3 3 3 3 3 4 3 
3 3 3 3 3 4 3 0 4 3 
3 3 3 3 0 4 3 3 3 3 

=Posição Fogo  ===
1 0 1 3 3 0 3 3 3 3 
3 1 3 1 0 0 3 3 3 0 
3 3 1 0 1 1 0 3 3 3 
3 3 3 1 3 3 3 3 3 3 
3 3 3 4 3 4 3 3 3 3 
3 4 3 3 3 0 3 3 3 3 
3 3 3 3 3 3 0 3 3 3 
3 3 3 3 3 3 3 3 4 3 
3 3 3 3 3 4 3 0 4 3 
3 3 3 3 0 4 3 3 3 3 

=== Iteracao 39 ===
=Posição Animal  ===
1 * * * 3 * 3 3 3 3 
3 * * * * * * 3 3 0 
3 * * * * 1 * * 3 3 
3 3 3 1 3 3 3 * 3 3 
3 3 3 4 3 4 3 3 3 3 
3 4 3 3 3 0 3 3 3 3 
3 3 3 3 3 3 0 3 3 3 
3 3 3 3 3 3 3 3 4 3 
3 3 3 3 3 4 3 0 4 3 
3 3 3 3 0 4 3 3 3 3 

=Posição Fogo  ===
1 0 1 3 3 0 3 3 3 3 
3 1 3 1 0 0 3 3 3 0 
3 3 1 0 1 1 0 3 3 3 
3 3 3 1 3 3 3 3 3 3 
3 3 3 4 3 4 3 3 3 3 
3 4 3 3 3 0 3 3 3 3 
3 3 3 3 3 3 0 3 3 3 
3 3 3 3 3 3 3 3 4 3 
3 3 3 3 3 4 3 0 4 3 
3 3 3 3 0 4 3 3 3 3 

=== Iteracao 40 ===
=Posição Animal  ===
1 * * * 3 * 3 3 3 3 
3 * * * * * * 3 3 0 
3 * * * * 1 * * 3 3 
3 3 3 1 3 3 3 * 3 3 
3 3 3 4 3 4 3 3 3 3 
3 4 3 3 3 0 3 3 3 3 
3 3 3 3 3 3 0 3 3 3 
3 3 3 3 3 3 3 3 4 3 
3 3 3 3 3 4 3 0 4 3 
3 3 3 3 0 4 3 3 3 3 

=Posição Fogo  ===
1 0 1 3 3 0 3 3 3 3 
3 1 3 1 0 0 3 3 3 0 
3 3 1 0 1 1 0 3 3 3 
3 3 3 1 3 3 3 3 3 3 
3 3 3 4 3 4 3 3 3 3 
3 4 3 3 3 0 3 3 3 3 
3 3 3 3 3 3 0 3 3 3 
3 3 3 3 3 3 3 3 4 3 
3 3 3 3 3 4 3 0 4 3 
3 3 3 3 0 4 3 3 3 3 

=== Iteracao 41 ===
=Posição Animal  ===
1 * * * 3 * 3 3 3 3 
3 * * * * * * 3 3 0 
3 * * * * 1 * * 3 3 
3 3 3 1 3 3 3 * 3 3 
3 3 3 4 3 4 3 3 3 3 
3 4 3 3 3 0 3 3 3 3 
3 3 3 3 3 3 0 3 3 3 
3 3 3 3 3 3 3 3 4 3 
3 3 3 3 3 4 3 0 4 3 
3 3 3 3 0 4 3 3 3 3 

=Posição Fogo  ===
1 0 1 3 3 0 3 3 3 3 
3 1 3 1 0 0 3 3 3 0 
3 3 1 0 1 1 0 3 3 3 
3 3 3 1 3 3 3 3 3 3 
3 3 3 4 3 4 3 3 3 3 
3 4 3 3 3 0 3 3 3 3 
3 3 3 3 3 3 0 3 3 3 
3 3 3 3 3 3 3 3 4 3 
3 3 3 3 3 4 3 0 4 3 
3 3 3 3 0 4 3 3 3 3 

=== Iteracao 42 ===
=Posição Animal  ===
1 * * * 3 * 3 3 3 3 
3 * * * * * * 3 3 0 
3 * * * * 1 * * 3 3 
3 3 3 1 3 3 3 * 3 3 
3 3 3 4 3 4 3 3 3 3 
3 4 3 3 3 0 3 3 3 3 
3 3 3 3 3 3 0 3 3 3 
3 3 3 3 3 3 3 3 4 3 
3 3 3 3 3 4 3 0 4 3 
3 3 3 3 0 4 3 3 3 3 

=Posição Fogo  ===
1 0 1 3 3 0 3 3 3 3 
3 1 3 1 0 0 3 3 3 0 
3 3 1 0 1 1 0 3 3 3 
3 3 3 1 3 3 3 3 3 3 
3 3 3 4 3 4 3 3 3 3 
3 4 3 3 3 0 3 3 3 3 
3 3 3 3 3 3 0 3 3 3 
3 3 3 3 3 3 3 3 4 3 
3 3 3 3 3 4 3 0 4 3 
3 3 3 3 0 4 3 3 3 3 

=== Iteracao 43 ===
=Posição Animal  ===
1 * * * 3 * 3 3 3 3 
3 * * * * * * 3 3 0 
3 * * * * 1 * * 3 3 
3 3 3 1 3 3 3 * 3 3 
3 3 3 4 3 4 3 3 3 3 
3 4 3 3 3 0 3 3 3 3 
3 3 3 3 3 3 0 3 3 3 
3 3 3 3 3 3 3 3 4 3 
3 3 3 3 3 4 3 0 4 3 
3 3 3 3 0 4 3 3 3 3 

=Posição Fogo  ===
1 0 1 3 3 0 3 3 3 3 
3 1 3 1 0 0 3 3 3 0 
3 3 1 0 1 1 0 3 3 3 
3 3 3 1 3 3 3 3 3 3 
3 3 3 4 3 4 3 3 3 3 
3 4 3 3 3 0 3 3 3 3 
3 3 3 3 3 3 0 3 3 3 
3 3 3 3 3 3 3 3 4 3 
3 3 3 3 3 4 3 0 4 3 
3 3 3 3 0 4 3 3 3 3 

=== Iteracao 44 ===
=Posição Animal  ===
1 * * * 3 * 3 3 3 3 
3 * * * * * * 3 3 0 
3 * * * * 1 * * 3 3 
3 3 3 1 3 3 3 * 3 3 
3 3 3 4 3 4 3 3 3 3 
3 4 3 3 3 0 3 3 3 3 
3 3 3 3 3 3 0 3 3 3 
3 3 3 3 3 3 3 3 4 3 
3 3 3 3 3 4 3 0 4 3 
3 3 3 3 0 4 3 3 3 3 

=Posição Fogo  ===
1 0 1 3 3 0 3 3 3 3 
3 1 3 1 0 0 3 3 3 0 
3 3 1 0 1 1 0 3 3 3 
3 3 3 1 3 3 3 3 3 3 
3 3 3 4 3 4 3 3 3 3 
3 4 3 3 3 0 3 3 3 3 
3 3 3 3 3 3 0 3 3 3 
3 3 3 3 3 3 3 3 4 3 
3 3 3 3 3 4 3 0 4 3 
3 3 3 3 0 4 3 3 3 3 

=== Iteracao 45 ===
=Posição Animal  ===
1 * * * 3 * 3 3 3 3 
3 * * * * * * 3 3 0 
3 * * * * 1 * * 3 3 
3 3 3 1 3 3 3 * 3 3 
3 3 3 4 3 4 3 3 3 3 
3 4 3 3 3 0 3 3 3 3 
3 3 3 3 3 3 0 3 3 3 
3 3 3 3 3 3 3 3 4 3 
3 3 3 3 3 4 3 0 4 3 
3 3 3 3 0 4 3 3 3 3 

=Posição Fogo  ===
1 0 1 3 3 0 3 3 3 3 
3 1 3 1 0 0 3 3 3 0 
3 3 1 0 1 1 0 3 3 3 
3 3 3 1 3 3 3 3 3 3 
3 3 3 4 3 4 3 3 3 3 
3 4 3 3 3 0 3 3 3 3 
3 3 3 3 3 3 0 3 3 3 
3 3 3 3 3 3 3 3 4 3 
3 3 3 3 3 4 3 0 4 3 
3 3 3 3 0 4 3 3 3 3 

=== Iteracao 46 ===
=Posição Animal  ===
1 * * * 3 * 3 3 3 3 
3 * * * * * * 3 3 0 
3 * * * * 1 * * 3 3 
3 3 3 1 3 3 3 * 3 3 
3 3 3 4 3 4 3 3 3 3 
3 4 3 3 3 0 3 3 3 3 
3 3 3 3 3 3 0 3 3 3 
3 3 3 3 3 3 3 3 4 3 
3 3 3 3 3 4 3 0 4 3 
3 3 3 3 0 4 3 3 3 3 

=Posição Fogo  ===
1 0 1 3 3 0 3 3 3 3 
3 1 3 1 0 0 3 3 3 0 
3 3 1 0 1 1 0 3 3 3 
3 3 3 1 3 3 3 3 3 3 
3 3 3 4 3 4 3 3 3 3 
3 4 3 3 3 0 3 3 3 3 
3 3 3 3 3 3 0 3 3 3 
3 3 3 3 3 3 3 3 4 3 
3 3 3 3 3 4 3 0 4 3 
3 3 3 3 0 4 3 3 3 3 

=== Iteracao 47 ===
=Posição Animal  ===
1 * * * 3 * 3 3 3 3 
3 * * * * * * 3 3 0 
3 * * * * 1 * * 3 3 
3 3 3 1 3 3 3 * 3 3 
3 3 3 4 3 4 3 3 3 3 
3 4 3 3 3 0 3 3 3 3 
3 3 3 3 3 3 0 3 3 3 
3 3 3 3 3 3 3 3 4 3 
3 3 3 3 3 4 3 0 4 3 
3 3 3 3 0 4 3 3 3 3 

=Posição Fogo  ===
1 0 1 3 3 0 3 3 3 3 
3 1 3 1 0 0 3 3 3 0 
3 3 1 0 1 1 0 3 3 3 
3 3 3 1 3 3 3 3 3 3 
3 3 3 4 3 4 3 3 3 3 
3 4 3 3 3 0 3 3 3 3 
3 3 3 3 3 3 0 3 3 3 
3 3 3 3 3 3 3 3 4 3 
3 3 3 3 3 4 3 0 4 3 
3 3 3 3 0 4 3 3 3 3 

=== Iteracao 48 ===
=Posição Animal  ===
1 * * * 3 * 3 3 3 3 
3 * * * * * * 3 3 0 
3 * * * * 1 * * 3 3 
3 3 3 1 3 3 3 * 3 3 
3 3 3 4 3 4 3 3 3 3 
3 4 3 3 3 0 3 3 3 3 
3 3 3 3 3 3 0 3 3 3 
3 3 3 3 3 3 3 3 4 3 
3 3 3 3 3 4 3 0 4 3 
3 3 3 3 0 4 3 3 3 3 

=Posição Fogo  ===
1 0 1 3 3 0 3 3 3 3 
3 1 3 1 0 0 3 3 3 0 
3 3 1 0 1 1 0 3 3 3 
3 3 3 1 3 3 3 3 3 3 
3 3 3 4 3 4 3 3 3 3 
3 4 3 3 3 0 3 3 3 3 
3 3 3 3 3 3 0 3 3 3 
3 3 3 3 3 3 3 3 4 3 
3 3 3 3 3 4 3 0 4 3 
3 3 3 3 0 4 3 3 3 3 

=== Iteracao 49 ===
=Posição Animal  ===
1 * * * 3 * 3 3 3 3 
3 * * * * * * 3 3 0 
3 * * * * 1 * * 3 3 
3 3 3 1 3 3 3 * 3 3 
3 3 3 4 3 4 3 3 3 3 
3 4 3 3 3 0 3 3 3 3 
3 3 3 3 3 3 0 3 3 3 
3 3 3 3 3 3 3 3 4 3 
3 3 3 3 3 4 3 0 4 3 
3 3 3 3 0 4 3 3 3 3 

=Posição Fogo  ===
1 0 1 3 3 0 3 3 3 3 
3 1 3 1 0 0 3 3 3 0 
3 3 1 0 1 1 0 3 3 3 
3 3 3 1 3 3 3 3 3 3 
3 3 3 4 3 4 3 3 3 3 
3 4 3 3 3 0 3 3 3 3 
3 3 3 3 3 3 0 3 3 3 
3 3 3 3 3 3 3 3 4 3 
3 3 3 3 3 4 3 0 4 3 
3 3 3 3 0 4 3 3 3 3 

=== Iteracao 50 ===
=Posição Animal  ===
1 * * * 3 * 3 3 3 3 
3 * * * * * * 3 3 0 
3 * * * * 1 * * 3 3 
3 3 3 1 3 3 3 * 3 3 
3 3 3 4 3 4 3 3 3 3 
3 4 3 3 3 0 3 3 3 3 
3 3 3 3 3 3 0 3 3 3 
3 3 3 3 3 3 3 3 4 3 
3 3 3 3 3 4 3 0 4 3 
3 3 3 3 0 4 3 3 3 3 

=Posição Fogo  ===
1 0 1 3 3 0 3 3 3 3 
3 1 3 1 0 0 3 3 3 0 
3 3 1 0 1 1 0 3 3 3 
3 3 3 1 3 3 3 3 3 3 
3 3 3 4 3 4 3 3 3 3 
3 4 3 3 3 0 3 3 3 3 
3 3 3 3 3 3 0 3 3 3 
3 3 3 3 3 3 3 3 4 3 
3 3 3 3 3 4 3 0 4 3 
3 3 3 3 0 4 3 3 3 3 

=== Iteracao 51 ===
=Posição Animal  ===
1 * * * 3 * 3 3 3 3 
3 * * * * * * 3 3 0 
3 * * * * 1 * * 3 3 
3 3 3 1 3 3 3 * 3 3 
3 3 3 4 3 4 3 3 3 3 
3 4 3 3 3 0 3 3 3 3 
3 3 3 3 3 3 0 3 3 3 
3 3 3 3 3 3 3 3 4 3 
3 3 3 3 3 4 3 0 4 3 
3 3 3 3 0 4 3 3 3 3 

=Posição Fogo  ===
1 0 1 3 3 0 3 3 3 3 
3 1 3 1 0 0 3 3 3 0 
3 3 1 0 1 1 0 3 3 3 
3 3 3 1 3 3 3 3 3 3 
3 3 3 4 3 4 3 3 3 3 
3 4 3 3 3 0 3 3 3 3 
3 3 3 3 3 3 0 3 3 3 
3 3 3 3 3 3 3 3 4 3 
3 3 3 3 3 4 3 0 4 3 
3 3 3 3 0 4 3 3 3 3 

=== Iteracao 52 ===
=Posição Animal  ===
1 * * * 3 * 3 3 3 3 
3 * * * * * * 3 3 0 
3 * * * * 1 * * 3 3 
3 3 3 1 3 3 3 * 3 3 
3 3 3 4 3 4 3 3 3 3 
3 4 3 3 3 0 3 3 3 3 
3 3 3 3 3 3 0 3 3 3 
3 3 3 3 3 3 3 3 4 3 
3 3 3 3 3 4 3 0 4 3 
3 3 3 3 0 4 3 3 3 3 

=Posição Fogo  ===
1 0 1 3 3 0 3 3 3 3 
3 1 3 1 0 0 3 3 3 0 
3 3 1 0 1 1 0 3 3 3 
3 3 3 1 3 3 3 3 3 3 
3 3 3 4 3 4 3 3 3 3 
3 4 3 3 3 0 3 3 3 3 
3 3 3 3 3 3 0 3 3 3 
3 3 3 3 3 3 3 3 4 3 
3 3 3 3 3 4 3 0 4 3 
3 3 3 3 0 4 3 3 3 3 

=== Iteracao 53 ===
=Posição Animal  ===
1 * * * 3 * 3 3 3 3 
3 * * * * * * 3 3 0 
3 * * * * 1 * * 3 3 
3 3 3 1 3 3 3 * 3 3 
3 3 3 4 3 4 3 3 3 3 
3 4 3 3 3 0 3 3 3 3 
3 3 3 3 3 3 0 3 3 3 
3 3 3 3 3 3 3 3 4 3 
3 3 3 3 3 4 3 0 4 3 
3 3 3 3 0 4 3 3 3 3 

=Posição Fogo  ===
1 0 1 3 3 0 3 3 3 3 
3 1 3 1 0 0 3 3 3 0 
3 3 1 0 1 1 0 3 3 3 
3 3 3 1 3 3 3 3 3 3 
3 3 3 4 3 4 3 3 3 3 
3 4 3 3 3 0 3 3 3 3 
3 3 3 3 3 3 0 3 3 3 
3 3 3 3 3 3 3 3 4 3 
3 3 3 3 3 4 3 0 4 3 
3 3 3 3 0 4 3 3 3 3 

=== Iteracao 54 ===
=Posição Animal  ===
1 * * * 3 * 3 3 3 3 
3 * * * * * * 3 3 0 
3 * * * * 1 * * 3 3 
3 3 3 1 3 3 3 * 3 3 
3 3 3 4 3 4 3 3 3 3 
3 4 3 3 3 0 3 3 3 3 
3 3 3 3 3 3 0 3 3 3 
3 3 3 3 3 3 3 3 4 3 
3 3 3 3 3 4 3 0 4 3 
3 3 3 3 0 4 3 3 3 3 

=Posição Fogo  ===
1 0 1 3 3 0 3 3 3 3 
3 1 3 1 0 0 3 3 3 0 
3 3 1 0 1 1 0 3 3 3 
3 3 3 1 3 3 3 3 3 3 
3 3 3 4 3 4 3 3 3 3 
3 4 3 3 3 0 3 3 3 3 
3 3 3 3 3 3 0 3 3 3 
3 3 3 3 3 3 3 3 4 3 
3 3 3 3 3 4 3 0 4 3 
3 3 3 3 0 4 3 3 3 3 

=== Iteracao 55 ===
=Posição Animal  ===
1 * * * 3 * 3 3 3 3 
3 * * * * * * 3 3 0 
3 * * * * 1 * * 3 3 
3 3 3 1 3 3 3 * 3 3 
3 3 3 4 3 4 3 3 3 3 
3 4 3 3 3 0 3 3 3 3 
3 3 3 3 3 3 0 3 3 3 
3 3 3 3 3 3 3 3 4 3 
3 3 3 3 3 4 3 0 4 3 
3 3 3 3 0 4 3 3 3 3 

=Posição Fogo  ===
1 0 1 3 3 0 3 3 3 3 
3 1 3 1 0 0 3 3 3 0 
3 3 1 0 1 1 0 3 3 3 
3 3 3 1 3 3 3 3 3 3 
3 3 3 4 3 4 3 3 3 3 
3 4 3 3 3 0 3 3 3 3 
3 3 3 3 3 3 0 3 3 3 
3 3 3 3 3 3 3 3 4 3 
3 3 3 3 3 4 3 0 4 3 
3 3 3 3 0 4 3 3 3 3 

=== Iteracao 56 ===
=Posição Animal  ===
1 * * * 3 * 3 3 3 3 
3 * * * * * * 3 3 0 
3 * * * * 1 * * 3 3 
3 3 3 1 3 3 3 * 3 3 
3 3 3 4 3 4 3 3 3 3 
3 4 3 3 3 0 3 3 3 3 
3 3 3 3 3 3 0 3 3 3 
3 3 3 3 3 3 3 3 4 3 
3 3 3 3 3 4 3 0 4 3 
3 3 3 3 0 4 3 3 3 3 

=Posição Fogo  ===
1 0 1 3 3 0 3 3 3 3 
3 1 3 1 0 0 3 3 3 0 
3 3 1 0 1 1 0 3 3 3 
3 3 3 1 3 3 3 3 3 3 
3 3 3 4 3 4 3 3 3 3 
3 4 3 3 3 0 3 3 3 3 
3 3 3 3 3 3 0 3 3 3 
3 3 3 3 3 3 3 3 4 3 
3 3 3 3 3 4 3 0 4 3 
3 3 3 3 0 4 3 3 3 3 

=== Iteracao 57 ===
=Posição Animal  ===
1 * * * 3 * 3 3 3 3 
3 * * * * * * 3 3 0 
3 * * * * 1 * * 3 3 
3 3 3 1 3 3 3 * 3 3 
3 3 3 4 3 4 3 3 3 3 
3 4 3 3 3 0 3 3 3 3 
3 3 3 3 3 3 0 3 3 3 
3 3 3 3 3 3 3 3 4 3 
3 3 3 3 3 4 3 0 4 3 
3 3 3 3 0 4 3 3 3 3 

=Posição Fogo  ===
1 0 1 3 3 0 3 3 3 3 
3 1 3 1 0 0 3 3 3 0 
3 3 1 0 1 1 0 3 3 3 
3 3 3 1 3 3 3 3 3 3 
3 3 3 4 3 4 3 3 3 3 
3 4 3 3 3 0 3 3 3 3 
3 3 3 3 3 3 0 3 3 3 
3 3 3 3 3 3 3 3 4 3 
3 3 3 3 3 4 3 0 4 3 
3 3 3 3 0 4 3 3 3 3 

=== Iteracao 58 ===
=Posição Animal  ===
1 * * * 3 * 3 3 3 3 
3 * * * * * * 3 3 0 
3 * * * * 1 * * 3 3 
3 3 3 1 3 3 3 * 3 3 
3 3 3 4 3 4 3 3 3 3 
3 4 3 3 3 0 3 3 3 3 
3 3 3 3 3 3 0 3 3 3 
3 3 3 3 3 3 3 3 4 3 
3 3 3 3 3 4 3 0 4 3 
3 3 3 3 0 4 3 3 3 3 

=Posição Fogo  ===
1 0 1 3 3 0 3 3 3 3 
3 1 3 1 0 0 3 3 3 0 
3 3 1 0 1 1 0 3 3 3 
3 3 3 1 3 3 3 3 3 3 
3 3 3 4 3 4 3 3 3 3 
3 4 3 3 3 0 3 3 3 3 
3 3 3 3 3 3 0 3 3 3 
3 3 3 3 3 3 3 3 4 3 
3 3 3 3 3 4 3 0 4 3 
3 3 3 3 0 4 3 3 3 3 

=== Iteracao 59 ===
=Posição Animal  ===
1 * * * 3 * 3 3 3 3 
3 * * * * * * 3 3 0 
3 * * * * 1 * * 3 3 
3 3 3 1 3 3 3 * 3 3 
3 3 3 4 3 4 3 3 3 3 
3 4 3 3 3 0 3 3 3 3 
3 3 3 3 3 3 0 3 3 3 
3 3 3 3 3 3 3 3 4 3 
3 3 3 3 3 4 3 0 4 3 
3 3 3 3 0 4 3 3 3 3 

=Posição Fogo  ===
1 0 1 3 3 0 3 3 3 3 
3 1 3 1 0 0 3 3 3 0 
3 3 1 0 1 1 0 3 3 3 
3 3 3 1 3 3 3 3 3 3 
3 3 3 4 3 4 3 3 3 3 
3 4 3 3 3 0 3 3 3 3 
3 3 3 3 3 3 0 3 3 3 
3 3 3 3 3 3 3 3 4 3 
3 3 3 3 3 4 3 0 4 3 
3 3 3 3 0 4 3 3 3 3 

=== Iteracao 60 ===
=Posição Animal  ===
1 * * * 3 * 3 3 3 3 
3 * * * * * * 3 3 0 
3 * * * * 1 * * 3 3 
3 3 3 1 3 3 3 * 3 3 
3 3 3 4 3 4 3 3 3 3 
3 4 3 3 3 0 3 3 3 3 
3 3 3 3 3 3 0 3 3 3 
3 3 3 3 3 3 3 3 4 3 
3 3 3 3 3 4 3 0 4 3 
3 3 3 3 0 4 3 3 3 3 

=Posição Fogo  ===
1 0 1 3 3 0 3 3 3 3 
3 1 3 1 0 0 3 3 3 0 
3 3 1 0 1 1 0 3 3 3 
3 3 3 1 3 3 3 3 3 3 
3 3 3 4 3 4 3 3 3 3 
3 4 3 3 3 0 3 3 3 3 
3 3 3 3 3 3 0 3 3 3 
3 3 3 3 3 3 3 3 4 3 
3 3 3 3 3 4 3 0 4 3 
3 3 3 3 0 4 3 3 3 3 

=== Iteracao 61 ===
=Posição Animal  ===
1 * * * 3 * 3 3 3 3 
3 * * * * * * 3 3 0 
3 * * * * 1 * * 3 3 
3 3 3 1 3 3 3 * 3 3 
3 3 3 4 3 4 3 3 3 3 
3 4 3 3 3 0 3 3 3 3 
3 3 3 3 3 3 0 3 3 3 
3 3 3 3 3 3 3 3 4 3 
3 3 3 3 3 4 3 0 4 3 
3 3 3 3 0 4 3 3 3 3 

=Posição Fogo  ===
1 0 1 3 3 0 3 3 3 3 
3 1 3 1 0 0 3 3 3 0 
3 3 1 0 1 1 0 3 3 3 
3 3 3 1 3 3 3 3 3 3 
3 3 3 4 3 4 3 3 3 3 
3 4 3 3 3 0 3 3 3 3 
3 3 3 3 3 3 0 3 3 3 
3 3 3 3 3 3 3 3 4 3 
3 3 3 3 3 4 3 0 4 3 
3 3 3 3 0 4 3 3 3 3 

=== Iteracao 62 ===
=Posição Animal  ===
1 * * * 3 * 3 3 3 3 
3 * * * * * * 3 3 0 
3 * * * * 1 * * 3 3 
3 3 3 1 3 3 3 * 3 3 
3 3 3 4 3 4 3 3 3 3 
3 4 3 3 3 0 3 3 3 3 
3 3 3 3 3 3 0 3 3 3 
3 3 3 3 3 3 3 3 4 3 
3 3 3 3 3 4 3 0 4 3 
3 3 3 3 0 4 3 3 3 3 

=Posição Fogo  ===
1 0 1 3 3 0 3 3 3 3 
3 1 3 1 0 0 3 3 3 0 
3 3 1 0 1 1 0 3 3 3 
3 3 3 1 3 3 3 3 3 3 
3 3 3 4 3 4 3 3 3 3 
3 4 3 3 3 0 3 3 3 3 
3 3 3 3 3 3 0 3 3 3 
3 3 3 3 3 3 3 3 4 3 
3 3 3 3 3 4 3 0 4 3 
3 3 3 3 0 4 3 3 3 3 

=== Iteracao 63 ===
=Posição Animal  ===
1 * * * 3 * 3 3 3 3 
3 * * * * * * 3 3 0 
3 * * * * 1 * * 3 3 
3 3 3 1 3 3 3 * 3 3 
3 3 3 4 3 4 3 3 3 3 
3 4 3 3 3 0 3 3 3 3 
3 3 3 3 3 3 0 3 3 3 
3 3 3 3 3 3 3 3 4 3 
3 3 3 3 3 4 3 0 4 3 
3 3 3 3 0 4 3 3 3 3 

=Posição Fogo  ===
1 0 1 3 3 0 3 3 3 3 
3 1 3 1 0 0 3 3 3 0 
3 3 1 0 1 1 0 3 3 3 
3 3 3 1 3 3 3 3 3 3 
3 3 3 4 3 4 3 3 3 3 
3 4 3 3 3 0 3 3 3 3 
3 3 3 3 3 3 0 3 3 3 
3 3 3 3 3 3 3 3 4 3 
3 3 3 3 3 4 3 0 4 3 
3 3 3 3 0 4 3 3 3 3 

=== Iteracao 64 ===
=Posição Animal  ===
1 * * * 3 * 3 3 3 3 
3 * * * * * * 3 3 0 
3 * * * * 1 * * 3 3 
3 3 3 1 3 3 3 * 3 3 
3 3 3 4 3 4 3 3 3 3 
3 4 3 3 3 0 3 3 3 3 
3 3 3 3 3 3 0 3 3 3 
3 3 3 3 3 3 3 3 4 3 
3 3 3 3 3 4 3 0 4 3 
3 3 3 3 0 4 3 3 3 3 

=Posição Fogo  ===
1 0 1 3 3 0 3 3 3 3 
3 1 3 1 0 0 3 3 3 0 
3 3 1 0 1 1 0 3 3 3 
3 3 3 1 3 3 3 3 3 3 
3 3 3 4 3 4 3 3 3 3 
3 4 3 3 3 0 3 3 3 3 
3 3 3 3 3 3 0 3 3 3 
3 3 3 3 3 3 3 3 4 3 
3 3 3 3 3 4 3 0 4 3 
3 3 3 3 0 4 3 3 3 3 

=== Iteracao 65 ===
=Posição Animal  ===
1 * * * 3 * 3 3 3 3 
3 * * * * * * 3 3 0 
3 * * * * 1 * * 3 3 
3 3 3 1 3 3 3 * 3 3 
3 3 3 4 3 4 3 3 3 3 
3 4 3 3 3 0 3 3 3 3 
3 3 3 3 3 3 0 3 3 3 
3 3 3 3 3 3 3 3 4 3 
3 3 3 3 3 4 3 0 4 3 
3 3 3 3 0 4 3 3 3 3 

=Posição Fogo  ===
1 0 1 3 3 0 3 3 3 3 
3 1 3 1 0 0 3 3 3 0 
3 3 1 0 1 1 0 3 3 3 
3 3 3 1 3 3 3 3 3 3 
3 3 3 4 3 4 3 3 3 3 
3 4 3 3 3 0 3 3 3 3 
3 3 3 3 3 3 0 3 3 3 
3 3 3 3 3 3 3 3 4 3 
3 3 3 3 3 4 3 0 4 3 
3 3 3 3 0 4 3 3 3 3 

=== Iteracao 66 ===
=Posição Animal  ===
1 * * * 3 * 3 3 3 3 
3 * * * * * * 3 3 0 
3 * * * * 1 * * 3 3 
3 3 3 1 3 3 3 * 3 3 
3 3 3 4 3 4 3 3 3 3 
3 4 3 3 3 0 3 3 3 3 
3 3 3 3 3 3 0 3 3 3 
3 3 3 3 3 3 3 3 4 3 
3 3 3 3 3 4 3 0 4 3 
3 3 3 3 0 4 3 3 3 3 

=Posição Fogo  ===
1 0 1 3 3 0 3 3 3 3 
3 1 3 1 0 0 3 3 3 0 
3 3 1 0 1 1 0 3 3 3 
3 3 3 1 3 3 3 3 3 3 
3 3 3 4 3 4 3 3 3 3 
3 4 3 3 3 0 3 3 3 3 
3 3 3 3 3 3 0 3 3 3 
3 3 3 3 3 3 3 3 4 3 
3 3 3 3 3 4 3 0 4 3 
3 3 3 3 0 4 3 3 3 3 

=== Iteracao 67 ===
=Posição Animal  ===
1 * * * 3 * 3 3 3 3 
3 * * * * * * 3 3 0 
3 * * * * 1 * * 3 3 
3 3 3 1 3 3 3 * 3 3 
3 3 3 4 3 4 3 3 3 3 
3 4 3 3 3 0 3 3 3 3 
3 3 3 3 3 3 0 3 3 3 
3 3 3 3 3 3 3 3 4 3 
3 3 3 3 3 4 3 0 4 3 
3 3 3 3 0 4 3 3 3 3 

=Posição Fogo  ===
1 0 1 3 3 0 3 3 3 3 
3 1 3 1 0 0 3 3 3 0 
3 3 1 0 1 1 0 3 3 3 
3 3 3 1 3 3 3 3 3 3 
3 3 3 4 3 4 3 3 3 3 
3 4 3 3 3 0 3 3 3 3 
3 3 3 3 3 3 0 3 3 3 
3 3 3 3 3 3 3 3 4 3 
3 3 3 3 3 4 3 0 4 3 
3 3 3 3 0 4 3 3 3 3 

=== Iteracao 68 ===
=Posição Animal  ===
1 * * * 3 * 3 3 3 3 
3 * * * * * * 3 3 0 
3 * * * * 1 * * 3 3 
3 3 3 1 3 3 3 * 3 3 
3 3 3 4 3 4 3 3 3 3 
3 4 3 3 3 0 3 3 3 3 
3 3 3 3 3 3 0 3 3 3 
3 3 3 3 3 3 3 3 4 3 
3 3 3 3 3 4 3 0 4 3 
3 3 3 3 0 4 3 3 3 3 

=Posição Fogo  ===
1 0 1 3 3 0 3 3 3 3 
3 1 3 1 0 0 3 3 3 0 
3 3 1 0 1 1 0 3 3 3 
3 3 3 1 3 3 3 3 3 3 
3 3 3 4 3 4 3 3 3 3 
3 4 3 3 3 0 3 3 3 3 
3 3 3 3 3 3 0 3 3 3 
3 3 3 3 3 3 3 3 4 3 
3 3 3 3 3 4 3 0 4 3 
3 3 3 3 0 4 3 3 3 3 

=== Iteracao 69 ===
=Posição Animal  ===
1 * * * 3 * 3 3 3 3 
3 * * * * * * 3 3 0 
3 * * * * 1 * * 3 3 
3 3 3 1 3 3 3 * 3 3 
3 3 3 4 3 4 3 3 3 3 
3 4 3 3 3 0 3 3 3 3 
3 3 3 3 3 3 0 3 3 3 
3 3 3 3 3 3 3 3 4 3 
3 3 3 3 3 4 3 0 4 3 
3 3 3 3 0 4 3 3 3 3 

=Posição Fogo  ===
1 0 1 3 3 0 3 3 3 3 
3 1 3 1 0 0 3 3 3 0 
3 3 1 0 1 1 0 3 3 3 
3 3 3 1 3 3 3 3 3 3 
3 3 3 4 3 4 3 3 3 3 
3 4 3 3 3 0 3 3 3 3 
3 3 3 3 3 3 0 3 3 3 
3 3 3 3 3 3 3 3 4 3 
3 3 3 3 3 4 3 0 4 3 
3 3 3 3 0 4 3 3 3 3 

=== Iteracao 70 ===
=Posição Animal  ===
1 * * * 3 * 3 3 3 3 
3 * * * * * * 3 3 0 
3 * * * * 1 * * 3 3 
3 3 3 1 3 3 3 * 3 3 
3 3 3 4 3 4 3 3 3 3 
3 4 3 3 3 0 3 3 3 3 
3 3 3 3 3 3 0 3 3 3 
3 3 3 3 3 3 3 3 4 3 
3 3 3 3 3 4 3 0 4 3 
3 3 3 3 0 4 3 3 3 3 

=Posição Fogo  ===
1 0 1 3 3 0 3 3 3 3 
3 1 3 1 0 0 3 3 3 0 
3 3 1 0 1 1 0 3 3 3 
3 3 3 1 3 3 3 3 3 3 
3 3 3 4 3 4 3 3 3 3 
3 4 3 3 3 0 3 3 3 3 
3 3 3 3 3 3 0 3 3 3 
3 3 3 3 3 3 3 3 4 3 
3 3 3 3 3 4 3 0 4 3 
3 3 3 3 0 4 3 3 3 3 

=== Iteracao 71 ===
=Posição Animal  ===
1 * * * 3 * 3 3 3 3 
3 * * * * * * 3 3 0 
3 * * * * 1 * * 3 3 
3 3 3 1 3 3 3 * 3 3 
3 3 3 4 3 4 3 3 3 3 
3 4 3 3 3 0 3 3 3 3 
3 3 3 3 3 3 0 3 3 3 
3 3 3 3 3 3 3 3 4 3 
3 3 3 3 3 4 3 0 4 3 
3 3 3 3 0 4 3 3 3 3 

=Posição Fogo  ===
1 0 1 3 3 0 3 3 3 3 
3 1 3 1 0 0 3 3 3 0 
3 3 1 0 1 1 0 3 3 3 
3 3 3 1 3 3 3 3 3 3 
3 3 3 4 3 4 3 3 3 3 
3 4 3 3 3 0 3 3 3 3 
3 3 3 3 3 3 0 3 3 3 
3 3 3 3 3 3 3 3 4 3 
3 3 3 3 3 4 3 0 4 3 
3 3 3 3 0 4 3 3 3 3 

=== Iteracao 72 ===
=Posição Animal  ===
1 * * * 3 * 3 3 3 3 
3 * * * * * * 3 3 0 
3 * * * * 1 * * 3 3 
3 3 3 1 3 3 3 * 3 3 
3 3 3 4 3 4 3 3 3 3 
3 4 3 3 3 0 3 3 3 3 
3 3 3 3 3 3 0 3 3 3 
3 3 3 3 3 3 3 3 4 3 
3 3 3 3 3 4 3 0 4 3 
3 3 3 3 0 4 3 3 3 3 

=Posição Fogo  ===
1 0 1 3 3 0 3 3 3 3 
3 1 3 1 0 0 3 3 3 0 
3 3 1 0 1 1 0 3 3 3 
3 3 3 1 3 3 3 3 3 3 
3 3 3 4 3 4 3 3 3 3 
3 4 3 3 3 0 3 3 3 3 
3 3 3 3 3 3 0 3 3 3 
3 3 3 3 3 3 3 3 4 3 
3 3 3 3 3 4 3 0 4 3 
3 3 3 3 0 4 3 3 3 3 

=== Iteracao 73 ===
=Posição Animal  ===
1 * * * 3 * 3 3 3 3 
3 * * * * * * 3 3 0 
3 * * * * 1 * * 3 3 
3 3 3 1 3 3 3 * 3 3 
3 3 3 4 3 4 3 3 3 3 
3 4 3 3 3 0 3 3 3 3 
3 3 3 3 3 3 0 3 3 3 
3 3 3 3 3 3 3 3 4 3 
3 3 3 3 3 4 3 0 4 3 
3 3 3 3 0 4 3 3 3 3 

=Posição Fogo  ===
1 0 1 3 3 0 3 3 3 3 
3 1 3 1 0 0 3 3 3 0 
3 3 1 0 1 1 0 3 3 3 
3 3 3 1 3 3 3 3 3 3 
3 3 3 4 3 4 3 3 3 3 
3 4 3 3 3 0 3 3 3 3 
3 3 3 3 3 3 0 3 3 3 
3 3 3 3 3 3 3 3 4 3 
3 3 3 3 3 4 3 0 4 3 
3 3 3 3 0 4 3 3 3 3 

=== Iteracao 74 ===
=Posição Animal  ===
1 * * * 3 * 3 3 3 3 
3 * * * * * * 3 3 0 
3 * * * * 1 * * 3 3 
3 3 3 1 3 3 3 * 3 3 
3 3 3 4 3 4 3 3 3 3 
3 4 3 3 3 0 3 3 3 3 
3 3 3 3 3 3 0 3 3 3 
3 3 3 3 3 3 3 3 4 3 
3 3 3 3 3 4 3 0 4 3 
3 3 3 3 0 4 3 3 3 3 

=Posição Fogo  ===
1 0 1 3 3 0 3 3 3 3 
3 1 3 1 0 0 3 3 3 0 
3 3 1 0 1 1 0 3 3 3 
3 3 3 1 3 3 3 3 3 3 
3 3 3 4 3 4 3 3 3 3 
3 4 3 3 3 0 3 3 3 3 
3 3 3 3 3 3 0 3 3 3 
3 3 3 3 3 3 3 3 4 3 
3 3 3 3 3 4 3 0 4 3 
3 3 3 3 0 4 3 3 3 3 

=== Iteracao 75 ===
=Posição Animal  ===
1 * * * 3 * 3 3 3 3 
3 * * * * * * 3 3 0 
3 * * * * 1 * * 3 3 
3 3 3 1 3 3 3 * 3 3 
3 3 3 4 3 4 3 3 3 3 
3 4 3 3 3 0 3 3 3 3 
3 3 3 3 3 3 0 3 3 3 
3 3 3 3 3 3 3 3 4 3 
3 3 3 3 3 4 3 0 4 3 
3 3 3 3 0 4 3 3 3 3 

=Posição Fogo  ===
1 0 1 3 3 0 3 3 3 3 
3 1 3 1 0 0 3 3 3 0 
3 3 1 0 1 1 0 3 3 3 
3 3 3 1 3 3 3 3 3 3 
3 3 3 4 3 4 3 3 3 3 
3 4 3 3 3 0 3 3 3 3 
3 3 3 3 3 3 0 3 3 3 
3 3 3 3 3 3 3 3 4 3 
3 3 3 3 3 4 3 0 4 3 
3 3 3 3 0 4 3 3 3 3 

=== Iteracao 76 ===
=Posição Animal  ===
1 * * * 3 * 3 3 3 3 
3 * * * * * * 3 3 0 
3 * * * * 1 * * 3 3 
3 3 3 1 3 3 3 * 3 3 
3 3 3 4 3 4 3 3 3 3 
3 4 3 3 3 0 3 3 3 3 
3 3 3 3 3 3 0 3 3 3 
3 3 3 3 3 3 3 3 4 3 
3 3 3 3 3 4 3 0 4 3 
3 3 3 3 0 4 3 3 3 3 

=Posição Fogo  ===
1 0 1 3 3 0 3 3 3 3 
3 1 3 1 0 0 3 3 3 0 
3 3 1 0 1 1 0 3 3 3 
3 3 3 1 3 3 3 3 3 3 
3 3 3 4 3 4 3 3 3 3 
3 4 3 3 3 0 3 3 3 3 
3 3 3 3 3 3 0 3 3 3 
3 3 3 3 3 3 3 3 4 3 
3 3 3 3 3 4 3 0 4 3 
3 3 3 3 0 4 3 3 3 3 

=== Iteracao 77 ===
=Posição Animal  ===
1 * * * 3 * 3 3 3 3 
3 * * * * * * 3 3 0 
3 * * * * 1 * * 3 3 
3 3 3 1 3 3 3 * 3 3 
3 3 3 4 3 4 3 3 3 3 
3 4 3 3 3 0 3 3 3 3 
3 3 3 3 3 3 0 3 3 3 
3 3 3 3 3 3 3 3 4 3 
3 3 3 3 3 4 3 0 4 3 
3 3 3 3 0 4 3 3 3 3 

=Posição Fogo  ===
1 0 1 3 3 0 3 3 3 3 
3 1 3 1 0 0 3 3 3 0 
3 3 1 0 1 1 0 3 3 3 
3 3 3 1 3 3 3 3 3 3 
3 3 3 4 3 4 3 3 3 3 
3 4 3 3 3 0 3 3 3 3 
3 3 3 3 3 3 0 3 3 3 
3 3 3 3 3 3 3 3 4 3 
3 3 3 3 3 4 3 0 4 3 
3 3 3 3 0 4 3 3 3 3 

=== Iteracao 78 ===
=Posição Animal  ===
1 * * * 3 * 3 3 3 3 
3 * * * * * * 3 3 0 
3 * * * * 1 * * 3 3 
3 3 3 1 3 3 3 * 3 3 
3 3 3 4 3 4 3 3 3 3 
3 4 3 3 3 0 3 3 3 3 
3 3 3 3 3 3 0 3 3 3 
3 3 3 3 3 3 3 3 4 3 
3 3 3 3 3 4 3 0 4 3 
3 3 3 3 0 4 3 3 3 3 

=Posição Fogo  ===
1 0 1 3 3 0 3 3 3 3 
3 1 3 1 0 0 3 3 3 0 
3 3 1 0 1 1 0 3 3 3 
3 3 3 1 3 3 3 3 3 3 
3 3 3 4 3 4 3 3 3 3 
3 4 3 3 3 0 3 3 3 3 
3 3 3 3 3 3 0 3 3 3 
3 3 3 3 3 3 3 3 4 3 
3 3 3 3 3 4 3 0 4 3 
3 3 3 3 0 4 3 3 3 3 

=== Iteracao 79 ===
=Posição Animal  ===
1 * * * 3 * 3 3 3 3 
3 * * * * * * 3 3 0 
3 * * * * 1 * * 3 3 
3 3 3 1 3 3 3 * 3 3 
3 3 3 4 3 4 3 3 3 3 
3 4 3 3 3 0 3 3 3 3 
3 3 3 3 3 3 0 3 3 3 
3 3 3 3 3 3 3 3 4 3 
3 3 3 3 3 4 3 0 4 3 
3 3 3 3 0 4 3 3 3 3 

=Posição Fogo  ===
1 0 1 3 3 0 3 3 3 3 
3 1 3 1 0 0 3 3 3 0 
3 3 1 0 1 1 0 3 3 3 
3 3 3 1 3 3 3 3 3 3 
3 3 3 4 3 4 3 3 3 3 
3 4 3 3 3 0 3 3 3 3 
3 3 3 3 3 3 0 3 3 3 
3 3 3 3 3 3 3 3 4 3 
3 3 3 3 3 4 3 0 4 3 
3 3 3 3 0 4 3 3 3 3 

=== Iteracao 80 ===
=Posição Animal  ===
1 * * * 3 * 3 3 3 3 
3 * * * * * * 3 3 0 
3 * * * * 1 * * 3 3 
3 3 3 1 3 3 3 * 3 3 
3 3 3 4 3 4 3 3 3 3 
3 4 3 3 3 0 3 3 3 3 
3 3 3 3 3 3 0 3 3 3 
3 3 3 3 3 3 3 3 4 3 
3 3 3 3 3 4 3 0 4 3 
3 3 3 3 0 4 3 3 3 3 

=Posição Fogo  ===
1 0 1 3 3 0 3 3 3 3 
3 1 3 1 0 0 3 3 3 0 
3 3 1 0 1 1 0 3 3 3 
3 3 3 1 3 3 3 3 3 3 
3 3 3 4 3 4 3 3 3 3 
3 4 3 3 3 0 3 3 3 3 
3 3 3 3 3 3 0 3 3 3 
3 3 3 3 3 3 3 3 4 3 
3 3 3 3 3 4 3 0 4 3 
3 3 3 3 0 4 3 3 3 3 

=== Iteracao 81 ===
=Posição Animal  ===
1 * * * 3 * 3 3 3 3 
3 * * * * * * 3 3 0 
3 * * * * 1 * * 3 3 
3 3 3 1 3 3 3 * 3 3 
3 3 3 4 3 4 3 3 3 3 
3 4 3 3 3 0 3 3 3 3 
3 3 3 3 3 3 0 3 3 3 
3 3 3 3 3 3 3 3 4 3 
3 3 3 3 3 4 3 0 4 3 
3 3 3 3 0 4 3 3 3 3 

=Posição Fogo  ===
1 0 1 3 3 0 3 3 3 3 
3 1 3 1 0 0 3 3 3 0 
3 3 1 0 1 1 0 3 3 3 
3 3 3 1 3 3 3 3 3 3 
3 3 3 4 3 4 3 3 3 3 
3 4 3 3 3 0 3 3 3 3 
3 3 3 3 3 3 0 3 3 3 
3 3 3 3 3 3 3 3 4 3 
3 3 3 3 3 4 3 0 4 3 
3 3 3 3 0 4 3 3 3 3 

=== Iteracao 82 ===
=Posição Animal  ===
1 * * * 3 * 3 3 3 3 
3 * * * * * * 3 3 0 
3 * * * * 1 * * 3 3 
3 3 3 1 3 3 3 * 3 3 
3 3 3 4 3 4 3 3 3 3 
3 4 3 3 3 0 3 3 3 3 
3 3 3 3 3 3 0 3 3 3 
3 3 3 3 3 3 3 3 4 3 
3 3 3 3 3 4 3 0 4 3 
3 3 3 3 0 4 3 3 3 3 

=Posição Fogo  ===
1 0 1 3 3 0 3 3 3 3 
3 1 3 1 0 0 3 3 3 0 
3 3 1 0 1 1 0 3 3 3 
3 3 3 1 3 3 3 3 3 3 
3 3 3 4 3 4 3 3 3 3 
3 4 3 3 3 0 3 3 3 3 
3 3 3 3 3 3 0 3 3 3 
3 3 3 3 3 3 3 3 4 3 
3 3 3 3 3 4 3 0 4 3 
3 3 3 3 0 4 3 3 3 3 

=== Iteracao 83 ===
=Posição Animal  ===
1 * * * 3 * 3 3 3 3 
3 * * * * * * 3 3 0 
3 * * * * 1 * * 3 3 
3 3 3 1 3 3 3 * 3 3 
3 3 3 4 3 4 3 3 3 3 
3 4 3 3 3 0 3 3 3 3 
3 3 3 3 3 3 0 3 3 3 
3 3 3 3 3 3 3 3 4 3 
3 3 3 3 3 4 3 0 4 3 
3 3 3 3 0 4 3 3 3 3 

=Posição Fogo  ===
1 0 1 3 3 0 3 3 3 3 
3 1 3 1 0 0 3 3 3 0 
3 3 1 0 1 1 0 3 3 3 
3 3 3 1 3 3 3 3 3 3 
3 3 3 4 3 4 3 3 3 3 
3 4 3 3 3 0 3 3 3 3 
3 3 3 3 3 3 0 3 3 3 
3 3 3 3 3 3 3 3 4 3 
3 3 3 3 3 4 3 0 4 3 
3 3 3 3 0 4 3 3 3 3 

=== Iteracao 84 ===
=Posição Animal  ===
1 * * * 3 * 3 3 3 3 
3 * * * * * * 3 3 0 
3 * * * * 1 * * 3 3 
3 3 3 1 3 3 3 * 3 3 
3 3 3 4 3 4 3 3 3 3 
3 4 3 3 3 0 3 3 3 3 
3 3 3 3 3 3 0 3 3 3 
3 3 3 3 3 3 3 3 4 3 
3 3 3 3 3 4 3 0 4 3 
3 3 3 3 0 4 3 3 3 3 

=Posição Fogo  ===
1 0 1 3 3 0 3 3 3 3 
3 1 3 1 0 0 3 3 3 0 
3 3 1 0 1 1 0 3 3 3 
3 3 3 1 3 3 3 3 3 3 
3 3 3 4 3 4 3 3 3 3 
3 4 3 3 3 0 3 3 3 3 
3 3 3 3 3 3 0 3 3 3 
3 3 3 3 3 3 3 3 4 3 
3 3 3 3 3 4 3 0 4 3 
3 3 3 3 0 4 3 3 3 3 

=== Iteracao 85 ===
=Posição Animal  ===
1 * * * 3 * 3 3 3 3 
3 * * * * * * 3 3 0 
3 * * * * 1 * * 3 3 
3 3 3 1 3 3 3 * 3 3 
3 3 3 4 3 4 3 3 3 3 
3 4 3 3 3 0 3 3 3 3 
3 3 3 3 3 3 0 3 3 3 
3 3 3 3 3 3 3 3 4 3 
3 3 3 3 3 4 3 0 4 3 
3 3 3 3 0 4 3 3 3 3 

=Posição Fogo  ===
1 0 1 3 3 0 3 3 3 3 
3 1 3 1 0 0 3 3 3 0 
3 3 1 0 1 1 0 3 3 3 
3 3 3 1 3 3 3 3 3 3 
3 3 3 4 3 4 3 3 3 3 
3 4 3 3 3 0 3 3 3 3 
3 3 3 3 3 3 0 3 3 3 
3 3 3 3 3 3 3 3 4 3 
3 3 3 3 3 4 3 0 4 3 
3 3 3 3 0 4 3 3 3 3 

=== Iteracao 86 ===
=Posição Animal  ===
1 * * * 3 * 3 3 3 3 
3 * * * * * * 3 3 0 
3 * * * * 1 * * 3 3 
3 3 3 1 3 3 3 * 3 3 
3 3 3 4 3 4 3 3 3 3 
3 4 3 3 3 0 3 3 3 3 
3 3 3 3 3 3 0 3 3 3 
3 3 3 3 3 3 3 3 4 3 
3 3 3 3 3 4 3 0 4 3 
3 3 3 3 0 4 3 3 3 3 

=Posição Fogo  ===
1 0 1 3 3 0 3 3 3 3 
3 1 3 1 0 0 3 3 3 0 
3 3 1 0 1 1 0 3 3 3 
3 3 3 1 3 3 3 3 3 3 
3 3 3 4 3 4 3 3 3 3 
3 4 3 3 3 0 3 3 3 3 
3 3 3 3 3 3 0 3 3 3 
3 3 3 3 3 3 3 3 4 3 
3 3 3 3 3 4 3 0 4 3 
3 3 3 3 0 4 3 3 3 3 

=== Iteracao 87 ===
=Posição Animal  ===
1 * * * 3 * 3 3 3 3 
3 * * * * * * 3 3 0 
3 * * * * 1 * * 3 3 
3 3 3 1 3 3 3 * 3 3 
3 3 3 4 3 4 3 3 3 3 
3 4 3 3 3 0 3 3 3 3 
3 3 3 3 3 3 0 3 3 3 
3 3 3 3 3 3 3 3 4 3 
3 3 3 3 3 4 3 0 4 3 
3 3 3 3 0 4 3 3 3 3 

=Posição Fogo  ===
1 0 1 3 3 0 3 3 3 3 
3 1 3 1 0 0 3 3 3 0 
3 3 1 0 1 1 0 3 3 3 
3 3 3 1 3 3 3 3 3 3 
3 3 3 4 3 4 3 3 3 3 
3 4 3 3 3 0 3 3 3 3 
3 3 3 3 3 3 0 3 3 3 
3 3 3 3 3 3 3 3 4 3 
3 3 3 3 3 4 3 0 4 3 
3 3 3 3 0 4 3 3 3 3 

=== Iteracao 88 ===
=Posição Animal  ===
1 * * * 3 * 3 3 3 3 
3 * * * * * * 3 3 0 
3 * * * * 1 * * 3 3 
3 3 3 1 3 3 3 * 3 3 
3 3 3 4 3 4 3 3 3 3 
3 4 3 3 3 0 3 3 3 3 
3 3 3 3 3 3 0 3 3 3 
3 3 3 3 3 3 3 3 4 3 
3 3 3 3 3 4 3 0 4 3 
3 3 3 3 0 4 3 3 3 3 

=Posição Fogo  ===
1 0 1 3 3 0 3 3 3 3 
3 1 3 1 0 0 3 3 3 0 
3 3 1 0 1 1 0 3 3 3 
3 3 3 1 3 3 3 3 3 3 
3 3 3 4 3 4 3 3 3 3 
3 4 3 3 3 0 3 3 3 3 
3 3 3 3 3 3 0 3 3 3 
3 3 3 3 3 3 3 3 4 3 
3 3 3 3 3 4 3 0 4 3 
3 3 3 3 0 4 3 3 3 3 

=== Iteracao 89 ===
=Posição Animal  ===
1 * * * 3 * 3 3 3 3 
3 * * * * * * 3 3 0 
3 * * * * 1 * * 3 3 
3 3 3 1 3 3 3 * 3 3 
3 3 3 4 3 4 3 3 3 3 
3 4 3 3 3 0 3 3 3 3 
3 3 3 3 3 3 0 3 3 3 
3 3 3 3 3 3 3 3 4 3 
3 3 3 3 3 4 3 0 4 3 
3 3 3 3 0 4 3 3 3 3 

=Posição Fogo  ===
1 0 1 3 3 0 3 3 3 3 
3 1 3 1 0 0 3 3 3 0 
3 3 1 0 1 1 0 3 3 3 
3 3 3 1 3 3 3 3 3 3 
3 3 3 4 3 4 3 3 3 3 
3 4 3 3 3 0 3 3 3 3 
3 3 3 3 3 3 0 3 3 3 
3 3 3 3 3 3 3 3 4 3 
3 3 3 3 3 4 3 0 4 3 
3 3 3 3 0 4 3 3 3 3 

=== Iteracao 90 ===
=Posição Animal  ===
1 * * * 3 * 3 3 3 3 
3 * * * * * * 3 3 0 
3 * * * * 1 * * 3 3 
3 3 3 1 3 3 3 * 3 3 
3 3 3 4 3 4 3 3 3 3 
3 4 3 3 3 0 3 3 3 3 
3 3 3 3 3 3 0 3 3 3 
3 3 3 3 3 3 3 3 4 3 
3 3 3 3 3 4 3 0 4 3 
3 3 3 3 0 4 3 3 3 3 

=Posição Fogo  ===
1 0 1 3 3 0 3 3 3 3 
3 1 3 1 0 0 3 3 3 0 
3 3 1 0 1 1 0 3 3 3 
3 3 3 1 3 3 3 3 3 3 
3 3 3 4 3 4 3 3 3 3 
3 4 3 3 3 0 3 3 3 3 
3 3 3 3 3 3 0 3 3 3 
3 3 3 3 3 3 3 3 4 3 
3 3 3 3 3 4 3 0 4 3 
3 3 3 3 0 4 3 3 3 3 

=== Iteracao 91 ===
=Posição Animal  ===
1 * * * 3 * 3 3 3 3 
3 * * * * * * 3 3 0 
3 * * * * 1 * * 3 3 
3 3 3 1 3 3 3 * 3 3 
3 3 3 4 3 4 3 3 3 3 
3 4 3 3 3 0 3 3 3 3 
3 3 3 3 3 3 0 3 3 3 
3 3 3 3 3 3 3 3 4 3 
3 3 3 3 3 4 3 0 4 3 
3 3 3 3 0 4 3 3 3 3 

=Posição Fogo  ===
1 0 1 3 3 0 3 3 3 3 
3 1 3 1 0 0 3 3 3 0 
3 3 1 0 1 1 0 3 3 3 
3 3 3 1 3 3 3 3 3 3 
3 3 3 4 3 4 3 3 3 3 
3 4 3 3 3 0 3 3 3 3 
3 3 3 3 3 3 0 3 3 3 
3 3 3 3 3 3 3 3 4 3 
3 3 3 3 3 4 3 0 4 3 
3 3 3 3 0 4 3 3 3 3 

=== Iteracao 92 ===
=Posição Animal  ===
1 * * * 3 * 3 3 3 3 
3 * * * * * * 3 3 0 
3 * * * * 1 * * 3 3 
3 3 3 1 3 3 3 * 3 3 
3 3 3 4 3 4 3 3 3 3 
3 4 3 3 3 0 3 3 3 3 
3 3 3 3 3 3 0 3 3 3 
3 3 3 3 3 3 3 3 4 3 
3 3 3 3 3 4 3 0 4 3 
3 3 3 3 0 4 3 3 3 3 

=Posição Fogo  ===
1 0 1 3 3 0 3 3 3 3 
3 1 3 1 0 0 3 3 3 0 
3 3 1 0 1 1 0 3 3 3 
3 3 3 1 3 3 3 3 3 3 
3 3 3 4 3 4 3 3 3 3 
3 4 3 3 3 0 3 3 3 3 
3 3 3 3 3 3 0 3 3 3 
3 3 3 3 3 3 3 3 4 3 
3 3 3 3 3 4 3 0 4 3 
3 3 3 3 0 4 3 3 3 3 

=== Iteracao 93 ===
=Posição Animal  ===
1 * * * 3 * 3 3 3 3 
3 * * * * * * 3 3 0 
3 * * * * 1 * * 3 3 
3 3 3 1 3 3 3 * 3 3 
3 3 3 4 3 4 3 3 3 3 
3 4 3 3 3 0 3 3 3 3 
3 3 3 3 3 3 0 3 3 3 
3 3 3 3 3 3 3 3 4 3 
3 3 3 3 3 4 3 0 4 3 
3 3 3 3 0 4 3 3 3 3 

=Posição Fogo  ===
1 0 1 3 3 0 3 3 3 3 
3 1 3 1 0 0 3 3 3 0 
3 3 1 0 1 1 0 3 3 3 
3 3 3 1 3 3 3 3 3 3 
3 3 3 4 3 4 3 3 3 3 
3 4 3 3 3 0 3 3 3 3 
3 3 3 3 3 3 0 3 3 3 
3 3 3 3 3 3 3 3 4 3 
3 3 3 3 3 4 3 0 4 3 
3 3 3 3 0 4 3 3 3 3 

=== Iteracao 94 ===
=Posição Animal  ===
1 * * * 3 * 3 3 3 3 
3 * * * * * * 3 3 0 
3 * * * * 1 * * 3 3 
3 3 3 1 3 3 3 * 3 3 
3 3 3 4 3 4 3 3 3 3 
3 4 3 3 3 0 3 3 3 3 
3 3 3 3 3 3 0 3 3 3 
3 3 3 3 3 3 3 3 4 3 
3 3 3 3 3 4 3 0 4 3 
3 3 3 3 0 4 3 3 3 3 

=Posição Fogo  ===
1 0 1 3 3 0 3 3 3 3 
3 1 3 1 0 0 3 3 3 0 
3 3 1 0 1 1 0 3 3 3 
3 3 3 1 3 3 3 3 3 3 
3 3 3 4 3 4 3 3 3 3 
3 4 3 3 3 0 3 3 3 3 
3 3 3 3 3 3 0 3 3 3 
3 3 3 3 3 3 3 3 4 3 
3 3 3 3 3 4 3 0 4 3 
3 3 3 3 0 4 3 3 3 3 

=== Iteracao 95 ===
=Posição Animal  ===
1 * * * 3 * 3 3 3 3 
3 * * * * * * 3 3 0 
3 * * * * 1 * * 3 3 
3 3 3 1 3 3 3 * 3 3 
3 3 3 4 3 4 3 3 3 3 
3 4 3 3 3 0 3 3 3 3 
3 3 3 3 3 3 0 3 3 3 
3 3 3 3 3 3 3 3 4 3 
3 3 3 3 3 4 3 0 4 3 
3 3 3 3 0 4 3 3 3 3 

=Posição Fogo  ===
1 0 1 3 3 0 3 3 3 3 
3 1 3 1 0 0 3 3 3 0 
3 3 1 0 1 1 0 3 3 3 
3 3 3 1 3 3 3 3 3 3 
3 3 3 4 3 4 3 3 3 3 
3 4 3 3 3 0 3 3 3 3 
3 3 3 3 3 3 0 3 3 3 
3 3 3 3 3 3 3 3 4 3 
3 3 3 3 3 4 3 0 4 3 
3 3 3 3 0 4 3 3 3 3 

=== Iteracao 96 ===
=Posição Animal  ===
1 * * * 3 * 3 3 3 3 
3 * * * * * * 3 3 0 
3 * * * * 1 * * 3 3 
3 3 3 1 3 3 3 * 3 3 
3 3 3 4 3 4 3 3 3 3 
3 4 3 3 3 0 3 3 3 3 
3 3 3 3 3 3 0 3 3 3 
3 3 3 3 3 3 3 3 4 3 
3 3 3 3 3 4 3 0 4 3 
3 3 3 3 0 4 3 3 3 3 

=Posição Fogo  ===
1 0 1 3 3 0 3 3 3 3 
3 1 3 1 0 0 3 3 3 0 
3 3 1 0 1 1 0 3 3 3 
3 3 3 1 3 3 3 3 3 3 
3 3 3 4 3 4 3 3 3 3 
3 4 3 3 3 0 3 3 3 3 
3 3 3 3 3 3 0 3 3 3 
3 3 3 3 3 3 3 3 4 3 
3 3 3 3 3 4 3 0 4 3 
3 3 3 3 0 4 3 3 3 3 

=== Iteracao 97 ===
=Posição Animal  ===
1 * * * 3 * 3 3 3 3 
3 * * * * * * 3 3 0 
3 * * * * 1 * * 3 3 
3 3 3 1 3 3 3 * 3 3 
3 3 3 4 3 4 3 3 3 3 
3 4 3 3 3 0 3 3 3 3 
3 3 3 3 3 3 0 3 3 3 
3 3 3 3 3 3 3 3 4 3 
3 3 3 3 3 4 3 0 4 3 
3 3 3 3 0 4 3 3 3 3 

=Posição Fogo  ===
1 0 1 3 3 0 3 3 3 3 
3 1 3 1 0 0 3 3 3 0 
3 3 1 0 1 1 0 3 3 3 
3 3 3 1 3 3 3 3 3 3 
3 3 3 4 3 4 3 3 3 3 
3 4 3 3 3 0 3 3 3 3 
3 3 3 3 3 3 0 3 3 3 
3 3 3 3 3 3 3 3 4 3 
3 3 3 3 3 4 3 0 4 3 
3 3 3 3 0 4 3 3 3 3 

=== Iteracao 98 ===
=Posição Animal  ===
1 * * * 3 * 3 3 3 3 
3 * * * * * * 3 3 0 
3 * * * * 1 * * 3 3 
3 3 3 1 3 3 3 * 3 3 
3 3 3 4 3 4 3 3 3 3 
3 4 3 3 3 0 3 3 3 3 
3 3 3 3 3 3 0 3 3 3 
3 3 3 3 3 3 3 3 4 3 
3 3 3 3 3 4 3 0 4 3 
3 3 3 3 0 4 3 3 3 3 

=Posição Fogo  ===
1 0 1 3 3 0 3 3 3 3 
3 1 3 1 0 0 3 3 3 0 
3 3 1 0 1 1 0 3 3 3 
3 3 3 1 3 3 3 3 3 3 
3 3 3 4 3 4 3 3 3 3 
3 4 3 3 3 0 3 3 3 3 
3 3 3 3 3 3 0 3 3 3 
3 3 3 3 3 3 3 3 4 3 
3 3 3 3 3 4 3 0 4 3 
3 3 3 3 0 4 3 3 3 3 

=== Iteracao 99 ===
=Posição Animal  ===
1 * * * 3 * 3 3 3 3 
3 * * * * * * 3 3 0 
3 * * * * 1 * * 3 3 
3 3 3 1 3 3 3 * 3 3 
3 3 3 4 3 4 3 3 3 3 
3 4 3 3 3 0 3 3 3 3 
3 3 3 3 3 3 0 3 3 3 
3 3 3 3 3 3 3 3 4 3 
3 3 3 3 3 4 3 0 4 3 
3 3 3 3 0 4 3 3 3 3 

=Posição Fogo  ===
1 0 1 3 3 0 3 3 3 3 
3 1 3 1 0 0 3 3 3 0 
3 3 1 0 1 1 0 3 3 3 
3 3 3 1 3 3 3 3 3 3 
3 3 3 4 3 4 3 3 3 3 
3 4 3 3 3 0 3 3 3 3 
3 3 3 3 3 3 0 3 3 3 
3 3 3 3 3 3 3 3 4 3 
3 3 3 3 3 4 3 0 4 3 
3 3 3 3 0 4 3 3 3 3 

=== Iteracao 100 ===
=Posição Animal  ===
1 * * * 3 * 3 3 3 3 
3 * * * * * * 3 3 0 
3 * * * * 1 * * 3 3 
3 3 3 1 3 3 3 * 3 3 
3 3 3 4 3 4 3 3 3 3 
3 4 3 3 3 0 3 3 3 3 
3 3 3 3 3 3 0 3 3 3 
3 3 3 3 3 3 3 3 4 3 
3 3 3 3 3 4 3 0 4 3 
3 3 3 3 0 4 3 3 3 3 

=Posição Fogo  ===
1 0 1 3 3 0 3 3 3 3 
3 1 3 1 0 0 3 3 3 0 
3 3 1 0 1 1 0 3 3 3 
3 3 3 1 3 3 3 3 3 3 
3 3 3 4 3 4 3 3 3 3 
3 4 3 3 3 0 3 3 3 3 
3 3 3 3 3 3 0 3 3 3 
3 3 3 3 3 3 3 3 4 3 
3 3 3 3 3 4 3 0 4 3 
3 3 3 3 0 4 3 3 3 3 

=== Iteracao 101 ===
=Posição Animal  ===
1 * * * 3 * 3 3 3 3 
3 * * * * * * 3 3 0 
3 * * * * 1 * * 3 3 
3 3 3 1 3 3 3 * 3 3 
3 3 3 4 3 4 3 3 3 3 
3 4 3 3 3 0 3 3 3 3 
3 3 3 3 3 3 0 3 3 3 
3 3 3 3 3 3 3 3 4 3 
3 3 3 3 3 4 3 0 4 3 
3 3 3 3 0 4 3 3 3 3 

=Posição Fogo  ===
1 0 1 3 3 0 3 3 3 3 
3 1 3 1 0 0 3 3 3 0 
3 3 1 0 1 1 0 3 3 3 
3 3 3 1 3 3 3 3 3 3 
3 3 3 4 3 4 3 3 3 3 
3 4 3 3 3 0 3 3 3 3 
3 3 3 3 3 3 0 3 3 3 
3 3 3 3 3 3 3 3 4 3 
3 3 3 3 3 4 3 0 4 3 
3 3 3 3 0 4 3 3 3 3 


Caminho percorrido pelo animal:
(3,7) (2,7) (2,6) (1,6) (0,5) (1,5) (1,4) (2,4) (2,3) (1,3) (0,3) (0,2) (0,1) (1,1) (2,1) (2,2) (1,2) 
Passos percorridos: 16
Animal sobreviveu (chegou à água)
